14,5,5sUf4h9O+QZ3KWRyy+3Tz45kAiM=,1XuIJxQ6M0TznRz8kZA47YcPhjU=
13,5,5sUf4h9O+QZ3KWRyy+3Tz45kAiM=,1XuIJxQ6M0TznRz8kZA47YcPhjU=
12,5,5sUf4h9O+QZ3KWRyy+3Tz45kAiM=,1XuIJxQ6M0TznRz8kZA47YcPhjU=
14,6,5sUf4h9O+QZ3KWRyy+3Tz45kAiM=,1XuIJxQ6M0TznRz8kZA47YcPhjU=
13,6,5sUf4h9O+QZ3KWRyy+3Tz45kAiM=,1XuIJxQ6M0TznRz8kZA47YcPhjU=
12,6,5sUf4h9O+QZ3KWRyy+3Tz45kAiM=,1XuIJxQ6M0TznRz8kZA47YcPhjU=
12,7,HyMTgPWZ2HZP8OuCtYVjsuBT8es=,1XuIJxQ6M0TznRz8kZA47YcPhjU=
13,7,HyMTgPWZ2HZP8OuCtYVjsuBT8es=,1XuIJxQ6M0TznRz8kZA47YcPhjU=
4,7,HyMTgPWZ2HZP8OuCtYVjsuBT8es=,hoHB1MyIPTSZsJQXyad2Ps9Gg6c=
7,4,HyMTgPWZ2HZP8OuCtYVjsuBT8es=,hoHB1MyIPTSZsJQXyad2Ps9Gg6c=
7,7,HyMTgPWZ2HZP8OuCtYVjsuBT8es=,hoHB1MyIPTSZsJQXyad2Ps9Gg6c=
4,5,HyMTgPWZ2HZP8OuCtYVjsuBT8es=,hoHB1MyIPTSZsJQXyad2Ps9Gg6c=
5,7,HyMTgPWZ2HZP8OuCtYVjsuBT8es=,hoHB1MyIPTSZsJQXyad2Ps9Gg6c=
7,11,HyMTgPWZ2HZP8OuCtYVjsuBT8es=,udAfFTGD5QRMQR/3OHfsh3n8X8A=
6,7,HyMTgPWZ2HZP8OuCtYVjsuBT8es=,hoHB1MyIPTSZsJQXyad2Ps9Gg6c=
5,5,HyMTgPWZ2HZP8OuCtYVjsuBT8es=,hoHB1MyIPTSZsJQXyad2Ps9Gg6c=
4,6,HyMTgPWZ2HZP8OuCtYVjsuBT8es=,hoHB1MyIPTSZsJQXyad2Ps9Gg6c=
6,4,HyMTgPWZ2HZP8OuCtYVjsuBT8es=,hoHB1MyIPTSZsJQXyad2Ps9Gg6c=
7,8,HyMTgPWZ2HZP8OuCtYVjsuBT8es=,udAfFTGD5QRMQR/3OHfsh3n8X8A=
5,4,HyMTgPWZ2HZP8OuCtYVjsuBT8es=,hoHB1MyIPTSZsJQXyad2Ps9Gg6c=
7,6,HyMTgPWZ2HZP8OuCtYVjsuBT8es=,hoHB1MyIPTSZsJQXyad2Ps9Gg6c=
5,6,HyMTgPWZ2HZP8OuCtYVjsuBT8es=,hoHB1MyIPTSZsJQXyad2Ps9Gg6c=
6,5,HyMTgPWZ2HZP8OuCtYVjsuBT8es=,hoHB1MyIPTSZsJQXyad2Ps9Gg6c=
7,5,HyMTgPWZ2HZP8OuCtYVjsuBT8es=,hoHB1MyIPTSZsJQXyad2Ps9Gg6c=
6,6,HyMTgPWZ2HZP8OuCtYVjsuBT8es=,hoHB1MyIPTSZsJQXyad2Ps9Gg6c=
11,5,HyMTgPWZ2HZP8OuCtYVjsuBT8es=,1XuIJxQ6M0TznRz8kZA47YcPhjU=
4,4,HyMTgPWZ2HZP8OuCtYVjsuBT8es=,hoHB1MyIPTSZsJQXyad2Ps9Gg6c=
8,9,HyMTgPWZ2HZP8OuCtYVjsuBT8es=,PO4APcx4AVU9Y6CTZPnVI+yt7bI=
10,7,HyMTgPWZ2HZP8OuCtYVjsuBT8es=,1XuIJxQ6M0TznRz8kZA47YcPhjU=
10,5,HyMTgPWZ2HZP8OuCtYVjsuBT8es=,1XuIJxQ6M0TznRz8kZA47YcPhjU=
8,11,HyMTgPWZ2HZP8OuCtYVjsuBT8es=,PO4APcx4AVU9Y6CTZPnVI+yt7bI=
7,10,HyMTgPWZ2HZP8OuCtYVjsuBT8es=,udAfFTGD5QRMQR/3OHfsh3n8X8A=
9,5,HyMTgPWZ2HZP8OuCtYVjsuBT8es=,1XuIJxQ6M0TznRz8kZA47YcPhjU=
11,4,M0wETIfqcbm6KiNfSzzoFdZIv90=,1XuIJxQ6M0TznRz8kZA47YcPhjU=
9,11,M0wETIfqcbm6KiNfSzzoFdZIv90=,PO4APcx4AVU9Y6CTZPnVI+yt7bI=
10,4,M0wETIfqcbm6KiNfSzzoFdZIv90=,1XuIJxQ6M0TznRz8kZA47YcPhjU=
7,9,M0wETIfqcbm6KiNfSzzoFdZIv90=,udAfFTGD5QRMQR/3OHfsh3n8X8A=
10,11,M0wETIfqcbm6KiNfSzzoFdZIv90=,PO4APcx4AVU9Y6CTZPnVI+yt7bI=
9,4,M0wETIfqcbm6KiNfSzzoFdZIv90=,1XuIJxQ6M0TznRz8kZA47YcPhjU=
11,6,M0wETIfqcbm6KiNfSzzoFdZIv90=,1XuIJxQ6M0TznRz8kZA47YcPhjU=
11,7,M0wETIfqcbm6KiNfSzzoFdZIv90=,1XuIJxQ6M0TznRz8kZA47YcPhjU=
10,6,M0wETIfqcbm6KiNfSzzoFdZIv90=,1XuIJxQ6M0TznRz8kZA47YcPhjU=
10,8,M0wETIfqcbm6KiNfSzzoFdZIv90=,PO4APcx4AVU9Y6CTZPnVI+yt7bI=
6,10,M0wETIfqcbm6KiNfSzzoFdZIv90=,udAfFTGD5QRMQR/3OHfsh3n8X8A=
9,6,M0wETIfqcbm6KiNfSzzoFdZIv90=,1XuIJxQ6M0TznRz8kZA47YcPhjU=
9,8,M0wETIfqcbm6KiNfSzzoFdZIv90=,PO4APcx4AVU9Y6CTZPnVI+yt7bI=
9,7,odwq9IBgGDqCkEEpdfV9KL+FZQE=,1XuIJxQ6M0TznRz8kZA47YcPhjU=
8,8,odwq9IBgGDqCkEEpdfV9KL+FZQE=,PO4APcx4AVU9Y6CTZPnVI+yt7bI=
5,9,odwq9IBgGDqCkEEpdfV9KL+FZQE=,udAfFTGD5QRMQR/3OHfsh3n8X8A=
11,11,odwq9IBgGDqCkEEpdfV9KL+FZQE=,PO4APcx4AVU9Y6CTZPnVI+yt7bI=
8,7,odwq9IBgGDqCkEEpdfV9KL+FZQE=,1XuIJxQ6M0TznRz8kZA47YcPhjU=
11,9,odwq9IBgGDqCkEEpdfV9KL+FZQE=,PO4APcx4AVU9Y6CTZPnVI+yt7bI=
8,6,odwq9IBgGDqCkEEpdfV9KL+FZQE=,1XuIJxQ6M0TznRz8kZA47YcPhjU=
10,9,odwq9IBgGDqCkEEpdfV9KL+FZQE=,PO4APcx4AVU9Y6CTZPnVI+yt7bI=
8,5,odwq9IBgGDqCkEEpdfV9KL+FZQE=,1XuIJxQ6M0TznRz8kZA47YcPhjU=
6,9,odwq9IBgGDqCkEEpdfV9KL+FZQE=,udAfFTGD5QRMQR/3OHfsh3n8X8A=
9,9,odwq9IBgGDqCkEEpdfV9KL+FZQE=,PO4APcx4AVU9Y6CTZPnVI+yt7bI=
11,10,odwq9IBgGDqCkEEpdfV9KL+FZQE=,PO4APcx4AVU9Y6CTZPnVI+yt7bI=
8,4,odwq9IBgGDqCkEEpdfV9KL+FZQE=,1XuIJxQ6M0TznRz8kZA47YcPhjU=
10,10,odwq9IBgGDqCkEEpdfV9KL+FZQE=,PO4APcx4AVU9Y6CTZPnVI+yt7bI=
6,8,odwq9IBgGDqCkEEpdfV9KL+FZQE=,udAfFTGD5QRMQR/3OHfsh3n8X8A=
9,10,odwq9IBgGDqCkEEpdfV9KL+FZQE=,PO4APcx4AVU9Y6CTZPnVI+yt7bI=
8,10,odwq9IBgGDqCkEEpdfV9KL+FZQE=,PO4APcx4AVU9Y6CTZPnVI+yt7bI=
11,8,odwq9IBgGDqCkEEpdfV9KL+FZQE=,PO4APcx4AVU9Y6CTZPnVI+yt7bI=
5,8,odwq9IBgGDqCkEEpdfV9KL+FZQE=,udAfFTGD5QRMQR/3OHfsh3n8X8A=
5,10,odwq9IBgGDqCkEEpdfV9KL+FZQE=,udAfFTGD5QRMQR/3OHfsh3n8X8A=
4,8,odwq9IBgGDqCkEEpdfV9KL+FZQE=,udAfFTGD5QRMQR/3OHfsh3n8X8A=
6,11,odwq9IBgGDqCkEEpdfV9KL+FZQE=,udAfFTGD5QRMQR/3OHfsh3n8X8A=
4,10,odwq9IBgGDqCkEEpdfV9KL+FZQE=,udAfFTGD5QRMQR/3OHfsh3n8X8A=
4,11,odwq9IBgGDqCkEEpdfV9KL+FZQE=,udAfFTGD5QRMQR/3OHfsh3n8X8A=
4,9,odwq9IBgGDqCkEEpdfV9KL+FZQE=,udAfFTGD5QRMQR/3OHfsh3n8X8A=
5,11,odwq9IBgGDqCkEEpdfV9KL+FZQE=,udAfFTGD5QRMQR/3OHfsh3n8X8A=
11,13,odwq9IBgGDqCkEEpdfV9KL+FZQE=,PO4APcx4AVU9Y6CTZPnVI+yt7bI=
10,13,odwq9IBgGDqCkEEpdfV9KL+FZQE=,PO4APcx4AVU9Y6CTZPnVI+yt7bI=
9,13,odwq9IBgGDqCkEEpdfV9KL+FZQE=,PO4APcx4AVU9Y6CTZPnVI+yt7bI=
7,13,odwq9IBgGDqCkEEpdfV9KL+FZQE=,udAfFTGD5QRMQR/3OHfsh3n8X8A=
7,15,odwq9IBgGDqCkEEpdfV9KL+FZQE=,udAfFTGD5QRMQR/3OHfsh3n8X8A=
4,12,odwq9IBgGDqCkEEpdfV9KL+FZQE=,udAfFTGD5QRMQR/3OHfsh3n8X8A=
8,15,odwq9IBgGDqCkEEpdfV9KL+FZQE=,PO4APcx4AVU9Y6CTZPnVI+yt7bI=
6,14,odwq9IBgGDqCkEEpdfV9KL+FZQE=,udAfFTGD5QRMQR/3OHfsh3n8X8A=
8,13,odwq9IBgGDqCkEEpdfV9KL+FZQE=,PO4APcx4AVU9Y6CTZPnVI+yt7bI=
7,14,odwq9IBgGDqCkEEpdfV9KL+FZQE=,udAfFTGD5QRMQR/3OHfsh3n8X8A=
11,12,odwq9IBgGDqCkEEpdfV9KL+FZQE=,PO4APcx4AVU9Y6CTZPnVI+yt7bI=
10,12,odwq9IBgGDqCkEEpdfV9KL+FZQE=,PO4APcx4AVU9Y6CTZPnVI+yt7bI=
6,15,odwq9IBgGDqCkEEpdfV9KL+FZQE=,udAfFTGD5QRMQR/3OHfsh3n8X8A=
9,12,odwq9IBgGDqCkEEpdfV9KL+FZQE=,PO4APcx4AVU9Y6CTZPnVI+yt7bI=
8,12,odwq9IBgGDqCkEEpdfV9KL+FZQE=,PO4APcx4AVU9Y6CTZPnVI+yt7bI=
11,14,odwq9IBgGDqCkEEpdfV9KL+FZQE=,PO4APcx4AVU9Y6CTZPnVI+yt7bI=
6,13,odwq9IBgGDqCkEEpdfV9KL+FZQE=,udAfFTGD5QRMQR/3OHfsh3n8X8A=
10,14,odwq9IBgGDqCkEEpdfV9KL+FZQE=,PO4APcx4AVU9Y6CTZPnVI+yt7bI=
5,15,odwq9IBgGDqCkEEpdfV9KL+FZQE=,udAfFTGD5QRMQR/3OHfsh3n8X8A=
9,14,gYeQ118ww8FSQlGtow06kl94sgs=,PO4APcx4AVU9Y6CTZPnVI+yt7bI=
8,14,gYeQ118ww8FSQlGtow06kl94sgs=,PO4APcx4AVU9Y6CTZPnVI+yt7bI=
5,12,gYeQ118ww8FSQlGtow06kl94sgs=,udAfFTGD5QRMQR/3OHfsh3n8X8A=
5,14,gYeQ118ww8FSQlGtow06kl94sgs=,udAfFTGD5QRMQR/3OHfsh3n8X8A=
4,15,gYeQ118ww8FSQlGtow06kl94sgs=,udAfFTGD5QRMQR/3OHfsh3n8X8A=
6,12,gYeQ118ww8FSQlGtow06kl94sgs=,udAfFTGD5QRMQR/3OHfsh3n8X8A=
11,15,gYeQ118ww8FSQlGtow06kl94sgs=,PO4APcx4AVU9Y6CTZPnVI+yt7bI=
9,15,gYeQ118ww8FSQlGtow06kl94sgs=,PO4APcx4AVU9Y6CTZPnVI+yt7bI=
7,12,gYeQ118ww8FSQlGtow06kl94sgs=,udAfFTGD5QRMQR/3OHfsh3n8X8A=
10,15,gYeQ118ww8FSQlGtow06kl94sgs=,PO4APcx4AVU9Y6CTZPnVI+yt7bI=
5,13,gYeQ118ww8FSQlGtow06kl94sgs=,udAfFTGD5QRMQR/3OHfsh3n8X8A=
4,14,gYeQ118ww8FSQlGtow06kl94sgs=,udAfFTGD5QRMQR/3OHfsh3n8X8A=
4,13,gYeQ118ww8FSQlGtow06kl94sgs=,udAfFTGD5QRMQR/3OHfsh3n8X8A=
0,4,gYeQ118ww8FSQlGtow06kl94sgs=,hoHB1MyIPTSZsJQXyad2Ps9Gg6c=
0,11,gYeQ118ww8FSQlGtow06kl94sgs=,udAfFTGD5QRMQR/3OHfsh3n8X8A=
0,10,gYeQ118ww8FSQlGtow06kl94sgs=,udAfFTGD5QRMQR/3OHfsh3n8X8A=
0,6,gYeQ118ww8FSQlGtow06kl94sgs=,hoHB1MyIPTSZsJQXyad2Ps9Gg6c=
0,8,gYeQ118ww8FSQlGtow06kl94sgs=,udAfFTGD5QRMQR/3OHfsh3n8X8A=
0,7,gYeQ118ww8FSQlGtow06kl94sgs=,hoHB1MyIPTSZsJQXyad2Ps9Gg6c=
0,5,gYeQ118ww8FSQlGtow06kl94sgs=,hoHB1MyIPTSZsJQXyad2Ps9Gg6c=
0,9,gYeQ118ww8FSQlGtow06kl94sgs=,udAfFTGD5QRMQR/3OHfsh3n8X8A=
1,4,gYeQ118ww8FSQlGtow06kl94sgs=,hoHB1MyIPTSZsJQXyad2Ps9Gg6c=
2,4,gYeQ118ww8FSQlGtow06kl94sgs=,hoHB1MyIPTSZsJQXyad2Ps9Gg6c=
2,8,gYeQ118ww8FSQlGtow06kl94sgs=,udAfFTGD5QRMQR/3OHfsh3n8X8A=
3,4,gYeQ118ww8FSQlGtow06kl94sgs=,hoHB1MyIPTSZsJQXyad2Ps9Gg6c=
3,8,gYeQ118ww8FSQlGtow06kl94sgs=,udAfFTGD5QRMQR/3OHfsh3n8X8A=
3,5,gYeQ118ww8FSQlGtow06kl94sgs=,hoHB1MyIPTSZsJQXyad2Ps9Gg6c=
1,5,gYeQ118ww8FSQlGtow06kl94sgs=,hoHB1MyIPTSZsJQXyad2Ps9Gg6c=
1,8,gYeQ118ww8FSQlGtow06kl94sgs=,udAfFTGD5QRMQR/3OHfsh3n8X8A=
2,6,gYeQ118ww8FSQlGtow06kl94sgs=,hoHB1MyIPTSZsJQXyad2Ps9Gg6c=
1,6,gYeQ118ww8FSQlGtow06kl94sgs=,hoHB1MyIPTSZsJQXyad2Ps9Gg6c=
3,6,gYeQ118ww8FSQlGtow06kl94sgs=,hoHB1MyIPTSZsJQXyad2Ps9Gg6c=
2,5,gYeQ118ww8FSQlGtow06kl94sgs=,hoHB1MyIPTSZsJQXyad2Ps9Gg6c=
3,11,gYeQ118ww8FSQlGtow06kl94sgs=,udAfFTGD5QRMQR/3OHfsh3n8X8A=
3,9,gYeQ118ww8FSQlGtow06kl94sgs=,udAfFTGD5QRMQR/3OHfsh3n8X8A=
1,11,gYeQ118ww8FSQlGtow06kl94sgs=,udAfFTGD5QRMQR/3OHfsh3n8X8A=
3,10,gYeQ118ww8FSQlGtow06kl94sgs=,udAfFTGD5QRMQR/3OHfsh3n8X8A=
2,9,gYeQ118ww8FSQlGtow06kl94sgs=,udAfFTGD5QRMQR/3OHfsh3n8X8A=
2,11,gYeQ118ww8FSQlGtow06kl94sgs=,udAfFTGD5QRMQR/3OHfsh3n8X8A=
1,7,gYeQ118ww8FSQlGtow06kl94sgs=,hoHB1MyIPTSZsJQXyad2Ps9Gg6c=
3,7,gYeQ118ww8FSQlGtow06kl94sgs=,hoHB1MyIPTSZsJQXyad2Ps9Gg6c=
2,10,gYeQ118ww8FSQlGtow06kl94sgs=,udAfFTGD5QRMQR/3OHfsh3n8X8A=
2,7,gYeQ118ww8FSQlGtow06kl94sgs=,hoHB1MyIPTSZsJQXyad2Ps9Gg6c=
1,10,gYeQ118ww8FSQlGtow06kl94sgs=,udAfFTGD5QRMQR/3OHfsh3n8X8A=
1,9,gYeQ118ww8FSQlGtow06kl94sgs=,udAfFTGD5QRMQR/3OHfsh3n8X8A=
13,13,gYeQ118ww8FSQlGtow06kl94sgs=,PO4APcx4AVU9Y6CTZPnVI+yt7bI=
12,13,gYeQ118ww8FSQlGtow06kl94sgs=,PO4APcx4AVU9Y6CTZPnVI+yt7bI=
14,12,gYeQ118ww8FSQlGtow06kl94sgs=,PO4APcx4AVU9Y6CTZPnVI+yt7bI=
13,12,gYeQ118ww8FSQlGtow06kl94sgs=,PO4APcx4AVU9Y6CTZPnVI+yt7bI=
14,14,gYeQ118ww8FSQlGtow06kl94sgs=,PO4APcx4AVU9Y6CTZPnVI+yt7bI=
15,15,gYeQ118ww8FSQlGtow06kl94sgs=,PO4APcx4AVU9Y6CTZPnVI+yt7bI=
12,14,gYeQ118ww8FSQlGtow06kl94sgs=,PO4APcx4AVU9Y6CTZPnVI+yt7bI=
15,12,gYeQ118ww8FSQlGtow06kl94sgs=,PO4APcx4AVU9Y6CTZPnVI+yt7bI=
13,14,gYeQ118ww8FSQlGtow06kl94sgs=,PO4APcx4AVU9Y6CTZPnVI+yt7bI=
14,13,gYeQ118ww8FSQlGtow06kl94sgs=,PO4APcx4AVU9Y6CTZPnVI+yt7bI=
15,14,gYeQ118ww8FSQlGtow06kl94sgs=,PO4APcx4AVU9Y6CTZPnVI+yt7bI=
14,15,gYeQ118ww8FSQlGtow06kl94sgs=,PO4APcx4AVU9Y6CTZPnVI+yt7bI=
12,15,gYeQ118ww8FSQlGtow06kl94sgs=,PO4APcx4AVU9Y6CTZPnVI+yt7bI=
13,15,gYeQ118ww8FSQlGtow06kl94sgs=,PO4APcx4AVU9Y6CTZPnVI+yt7bI=
12,12,gYeQ118ww8FSQlGtow06kl94sgs=,PO4APcx4AVU9Y6CTZPnVI+yt7bI=
15,13,gYeQ118ww8FSQlGtow06kl94sgs=,PO4APcx4AVU9Y6CTZPnVI+yt7bI=
15,3,gYeQ118ww8FSQlGtow06kl94sgs=,1XuIJxQ6M0TznRz8kZA47YcPhjU=
15,4,gYeQ118ww8FSQlGtow06kl94sgs=,1XuIJxQ6M0TznRz8kZA47YcPhjU=
15,6,gYeQ118ww8FSQlGtow06kl94sgs=,1XuIJxQ6M0TznRz8kZA47YcPhjU=
15,8,gYeQ118ww8FSQlGtow06kl94sgs=,PO4APcx4AVU9Y6CTZPnVI+yt7bI=
15,7,gYeQ118ww8FSQlGtow06kl94sgs=,1XuIJxQ6M0TznRz8kZA47YcPhjU=
15,5,gYeQ118ww8FSQlGtow06kl94sgs=,1XuIJxQ6M0TznRz8kZA47YcPhjU=
15,10,gYeQ118ww8FSQlGtow06kl94sgs=,PO4APcx4AVU9Y6CTZPnVI+yt7bI=
15,11,gYeQ118ww8FSQlGtow06kl94sgs=,PO4APcx4AVU9Y6CTZPnVI+yt7bI=
15,9,gYeQ118ww8FSQlGtow06kl94sgs=,PO4APcx4AVU9Y6CTZPnVI+yt7bI=
14,11,gYeQ118ww8FSQlGtow06kl94sgs=,PO4APcx4AVU9Y6CTZPnVI+yt7bI=
12,8,gYeQ118ww8FSQlGtow06kl94sgs=,PO4APcx4AVU9Y6CTZPnVI+yt7bI=
13,8,gYeQ118ww8FSQlGtow06kl94sgs=,PO4APcx4AVU9Y6CTZPnVI+yt7bI=
14,8,gYeQ118ww8FSQlGtow06kl94sgs=,PO4APcx4AVU9Y6CTZPnVI+yt7bI=
12,10,gYeQ118ww8FSQlGtow06kl94sgs=,PO4APcx4AVU9Y6CTZPnVI+yt7bI=
13,10,gYeQ118ww8FSQlGtow06kl94sgs=,PO4APcx4AVU9Y6CTZPnVI+yt7bI=
14,10,gYeQ118ww8FSQlGtow06kl94sgs=,PO4APcx4AVU9Y6CTZPnVI+yt7bI=
12,11,gYeQ118ww8FSQlGtow06kl94sgs=,PO4APcx4AVU9Y6CTZPnVI+yt7bI=
14,4,gYeQ118ww8FSQlGtow06kl94sgs=,1XuIJxQ6M0TznRz8kZA47YcPhjU=
13,11,gYeQ118ww8FSQlGtow06kl94sgs=,PO4APcx4AVU9Y6CTZPnVI+yt7bI=
14,9,gYeQ118ww8FSQlGtow06kl94sgs=,PO4APcx4AVU9Y6CTZPnVI+yt7bI=
14,7,gYeQ118ww8FSQlGtow06kl94sgs=,1XuIJxQ6M0TznRz8kZA47YcPhjU=
13,4,gYeQ118ww8FSQlGtow06kl94sgs=,1XuIJxQ6M0TznRz8kZA47YcPhjU=
12,4,gYeQ118ww8FSQlGtow06kl94sgs=,1XuIJxQ6M0TznRz8kZA47YcPhjU=
13,9,gYeQ118ww8FSQlGtow06kl94sgs=,PO4APcx4AVU9Y6CTZPnVI+yt7bI=
12,9,gYeQ118ww8FSQlGtow06kl94sgs=,PO4APcx4AVU9Y6CTZPnVI+yt7bI=
15,0,gYeQ118ww8FSQlGtow06kl94sgs=,1XuIJxQ6M0TznRz8kZA47YcPhjU=
15,1,gYeQ118ww8FSQlGtow06kl94sgs=,1XuIJxQ6M0TznRz8kZA47YcPhjU=
15,2,gYeQ118ww8FSQlGtow06kl94sgs=,1XuIJxQ6M0TznRz8kZA47YcPhjU=
14,0,gYeQ118ww8FSQlGtow06kl94sgs=,1XuIJxQ6M0TznRz8kZA47YcPhjU=
13,0,gYeQ118ww8FSQlGtow06kl94sgs=,1XuIJxQ6M0TznRz8kZA47YcPhjU=
14,2,gYeQ118ww8FSQlGtow06kl94sgs=,1XuIJxQ6M0TznRz8kZA47YcPhjU=
5,0,gYeQ118ww8FSQlGtow06kl94sgs=,hoHB1MyIPTSZsJQXyad2Ps9Gg6c=
12,3,gYeQ118ww8FSQlGtow06kl94sgs=,1XuIJxQ6M0TznRz8kZA47YcPhjU=
4,0,gYeQ118ww8FSQlGtow06kl94sgs=,hoHB1MyIPTSZsJQXyad2Ps9Gg6c=
9,1,gYeQ118ww8FSQlGtow06kl94sgs=,1XuIJxQ6M0TznRz8kZA47YcPhjU=
12,1,gYeQ118ww8FSQlGtow06kl94sgs=,1XuIJxQ6M0TznRz8kZA47YcPhjU=
8,0,gYeQ118ww8FSQlGtow06kl94sgs=,1XuIJxQ6M0TznRz8kZA47YcPhjU=
0,0,gYeQ118ww8FSQlGtow06kl94sgs=,hoHB1MyIPTSZsJQXyad2Ps9Gg6c=
13,1,gYeQ118ww8FSQlGtow06kl94sgs=,1XuIJxQ6M0TznRz8kZA47YcPhjU=
7,0,gYeQ118ww8FSQlGtow06kl94sgs=,hoHB1MyIPTSZsJQXyad2Ps9Gg6c=
2,0,gYeQ118ww8FSQlGtow06kl94sgs=,hoHB1MyIPTSZsJQXyad2Ps9Gg6c=
13,3,gYeQ118ww8FSQlGtow06kl94sgs=,1XuIJxQ6M0TznRz8kZA47YcPhjU=
6,0,gYeQ118ww8FSQlGtow06kl94sgs=,hoHB1MyIPTSZsJQXyad2Ps9Gg6c=
14,3,gYeQ118ww8FSQlGtow06kl94sgs=,1XuIJxQ6M0TznRz8kZA47YcPhjU=
1,0,gYeQ118ww8FSQlGtow06kl94sgs=,hoHB1MyIPTSZsJQXyad2Ps9Gg6c=
11,0,gYeQ118ww8FSQlGtow06kl94sgs=,1XuIJxQ6M0TznRz8kZA47YcPhjU=
14,1,gYeQ118ww8FSQlGtow06kl94sgs=,1XuIJxQ6M0TznRz8kZA47YcPhjU=
10,0,gYeQ118ww8FSQlGtow06kl94sgs=,1XuIJxQ6M0TznRz8kZA47YcPhjU=
3,0,gYeQ118ww8FSQlGtow06kl94sgs=,hoHB1MyIPTSZsJQXyad2Ps9Gg6c=
12,2,gYeQ118ww8FSQlGtow06kl94sgs=,1XuIJxQ6M0TznRz8kZA47YcPhjU=
9,0,gYeQ118ww8FSQlGtow06kl94sgs=,1XuIJxQ6M0TznRz8kZA47YcPhjU=
0,3,gYeQ118ww8FSQlGtow06kl94sgs=,hoHB1MyIPTSZsJQXyad2Ps9Gg6c=
13,2,gYeQ118ww8FSQlGtow06kl94sgs=,1XuIJxQ6M0TznRz8kZA47YcPhjU=
4,1,gYeQ118ww8FSQlGtow06kl94sgs=,hoHB1MyIPTSZsJQXyad2Ps9Gg6c=
0,1,gYeQ118ww8FSQlGtow06kl94sgs=,hoHB1MyIPTSZsJQXyad2Ps9Gg6c=
12,0,gYeQ118ww8FSQlGtow06kl94sgs=,1XuIJxQ6M0TznRz8kZA47YcPhjU=
8,2,gYeQ118ww8FSQlGtow06kl94sgs=,1XuIJxQ6M0TznRz8kZA47YcPhjU=
0,2,gYeQ118ww8FSQlGtow06kl94sgs=,hoHB1MyIPTSZsJQXyad2Ps9Gg6c=
4,2,gYeQ118ww8FSQlGtow06kl94sgs=,hoHB1MyIPTSZsJQXyad2Ps9Gg6c=
3,3,gYeQ118ww8FSQlGtow06kl94sgs=,hoHB1MyIPTSZsJQXyad2Ps9Gg6c=
4,3,gYeQ118ww8FSQlGtow06kl94sgs=,hoHB1MyIPTSZsJQXyad2Ps9Gg6c=
3,1,gYeQ118ww8FSQlGtow06kl94sgs=,hoHB1MyIPTSZsJQXyad2Ps9Gg6c=
0,14,gYeQ118ww8FSQlGtow06kl94sgs=,udAfFTGD5QRMQR/3OHfsh3n8X8A=
5,1,gYeQ118ww8FSQlGtow06kl94sgs=,hoHB1MyIPTSZsJQXyad2Ps9Gg6c=
3,2,gYeQ118ww8FSQlGtow06kl94sgs=,hoHB1MyIPTSZsJQXyad2Ps9Gg6c=
5,3,gYeQ118ww8FSQlGtow06kl94sgs=,hoHB1MyIPTSZsJQXyad2Ps9Gg6c=
2,1,gYeQ118ww8FSQlGtow06kl94sgs=,hoHB1MyIPTSZsJQXyad2Ps9Gg6c=
5,2,gYeQ118ww8FSQlGtow06kl94sgs=,hoHB1MyIPTSZsJQXyad2Ps9Gg6c=
0,13,gYeQ118ww8FSQlGtow06kl94sgs=,udAfFTGD5QRMQR/3OHfsh3n8X8A=
6,2,gYeQ118ww8FSQlGtow06kl94sgs=,hoHB1MyIPTSZsJQXyad2Ps9Gg6c=
1,1,gYeQ118ww8FSQlGtow06kl94sgs=,hoHB1MyIPTSZsJQXyad2Ps9Gg6c=
6,1,gYeQ118ww8FSQlGtow06kl94sgs=,hoHB1MyIPTSZsJQXyad2Ps9Gg6c=
1,2,gYeQ118ww8FSQlGtow06kl94sgs=,hoHB1MyIPTSZsJQXyad2Ps9Gg6c=
8,3,gYeQ118ww8FSQlGtow06kl94sgs=,1XuIJxQ6M0TznRz8kZA47YcPhjU=
2,2,gYeQ118ww8FSQlGtow06kl94sgs=,hoHB1MyIPTSZsJQXyad2Ps9Gg6c=
0,12,gYeQ118ww8FSQlGtow06kl94sgs=,udAfFTGD5QRMQR/3OHfsh3n8X8A=
7,1,gYeQ118ww8FSQlGtow06kl94sgs=,hoHB1MyIPTSZsJQXyad2Ps9Gg6c=
1,3,gYeQ118ww8FSQlGtow06kl94sgs=,hoHB1MyIPTSZsJQXyad2Ps9Gg6c=
7,2,gYeQ118ww8FSQlGtow06kl94sgs=,hoHB1MyIPTSZsJQXyad2Ps9Gg6c=
2,3,gYeQ118ww8FSQlGtow06kl94sgs=,hoHB1MyIPTSZsJQXyad2Ps9Gg6c=
6,3,gYeQ118ww8FSQlGtow06kl94sgs=,hoHB1MyIPTSZsJQXyad2Ps9Gg6c=
1,15,gYeQ118ww8FSQlGtow06kl94sgs=,udAfFTGD5QRMQR/3OHfsh3n8X8A=
11,2,gYeQ118ww8FSQlGtow06kl94sgs=,1XuIJxQ6M0TznRz8kZA47YcPhjU=
7,3,gYeQ118ww8FSQlGtow06kl94sgs=,hoHB1MyIPTSZsJQXyad2Ps9Gg6c=
10,2,gYeQ118ww8FSQlGtow06kl94sgs=,1XuIJxQ6M0TznRz8kZA47YcPhjU=
8,1,gYeQ118ww8FSQlGtow06kl94sgs=,1XuIJxQ6M0TznRz8kZA47YcPhjU=
9,2,gYeQ118ww8FSQlGtow06kl94sgs=,1XuIJxQ6M0TznRz8kZA47YcPhjU=
2,15,gYeQ118ww8FSQlGtow06kl94sgs=,udAfFTGD5QRMQR/3OHfsh3n8X8A=
10,1,gYeQ118ww8FSQlGtow06kl94sgs=,1XuIJxQ6M0TznRz8kZA47YcPhjU=
11,1,gYeQ118ww8FSQlGtow06kl94sgs=,1XuIJxQ6M0TznRz8kZA47YcPhjU=
9,3,gYeQ118ww8FSQlGtow06kl94sgs=,1XuIJxQ6M0TznRz8kZA47YcPhjU=
11,3,gYeQ118ww8FSQlGtow06kl94sgs=,1XuIJxQ6M0TznRz8kZA47YcPhjU=
10,3,gYeQ118ww8FSQlGtow06kl94sgs=,1XuIJxQ6M0TznRz8kZA47YcPhjU=
3,15,gYeQ118ww8FSQlGtow06kl94sgs=,udAfFTGD5QRMQR/3OHfsh3n8X8A=
0,15,gYeQ118ww8FSQlGtow06kl94sgs=,udAfFTGD5QRMQR/3OHfsh3n8X8A=
1,12,gYeQ118ww8FSQlGtow06kl94sgs=,udAfFTGD5QRMQR/3OHfsh3n8X8A=
3,13,gYeQ118ww8FSQlGtow06kl94sgs=,udAfFTGD5QRMQR/3OHfsh3n8X8A=
2,12,gYeQ118ww8FSQlGtow06kl94sgs=,udAfFTGD5QRMQR/3OHfsh3n8X8A=
3,12,gYeQ118ww8FSQlGtow06kl94sgs=,udAfFTGD5QRMQR/3OHfsh3n8X8A=
1,14,gYeQ118ww8FSQlGtow06kl94sgs=,udAfFTGD5QRMQR/3OHfsh3n8X8A=
1,13,gYeQ118ww8FSQlGtow06kl94sgs=,udAfFTGD5QRMQR/3OHfsh3n8X8A=
3,14,gYeQ118ww8FSQlGtow06kl94sgs=,udAfFTGD5QRMQR/3OHfsh3n8X8A=
2,13,gYeQ118ww8FSQlGtow06kl94sgs=,udAfFTGD5QRMQR/3OHfsh3n8X8A=
2,14,gYeQ118ww8FSQlGtow06kl94sgs=,udAfFTGD5QRMQR/3OHfsh3n8X8A=
15,20,N9+DNnqLGZBthKLQ57yLQpN4Or4=,9JwIr9HeCIkOkhJJOPaMqB7SgYE=
15,22,N9+DNnqLGZBthKLQ57yLQpN4Or4=,9JwIr9HeCIkOkhJJOPaMqB7SgYE=
15,21,N9+DNnqLGZBthKLQ57yLQpN4Or4=,9JwIr9HeCIkOkhJJOPaMqB7SgYE=
9,20,WUIRVa5UIwMhOlORkoWgQ5itHKI=,9JwIr9HeCIkOkhJJOPaMqB7SgYE=
5,25,WUIRVa5UIwMhOlORkoWgQ5itHKI=,DZOPGLvBSQeWU8jKlCqxdVq0NI0=
4,25,WUIRVa5UIwMhOlORkoWgQ5itHKI=,DZOPGLvBSQeWU8jKlCqxdVq0NI0=
10,20,WUIRVa5UIwMhOlORkoWgQ5itHKI=,9JwIr9HeCIkOkhJJOPaMqB7SgYE=
11,22,WUIRVa5UIwMhOlORkoWgQ5itHKI=,9JwIr9HeCIkOkhJJOPaMqB7SgYE=
7,27,WUIRVa5UIwMhOlORkoWgQ5itHKI=,DZOPGLvBSQeWU8jKlCqxdVq0NI0=
10,22,WUIRVa5UIwMhOlORkoWgQ5itHKI=,9JwIr9HeCIkOkhJJOPaMqB7SgYE=
11,20,WUIRVa5UIwMhOlORkoWgQ5itHKI=,9JwIr9HeCIkOkhJJOPaMqB7SgYE=
10,21,WUIRVa5UIwMhOlORkoWgQ5itHKI=,9JwIr9HeCIkOkhJJOPaMqB7SgYE=
4,23,WUIRVa5UIwMhOlORkoWgQ5itHKI=,UFbabxh7emGtgywfvQATZ4jZLgU=
11,21,WUIRVa5UIwMhOlORkoWgQ5itHKI=,9JwIr9HeCIkOkhJJOPaMqB7SgYE=
9,21,WUIRVa5UIwMhOlORkoWgQ5itHKI=,9JwIr9HeCIkOkhJJOPaMqB7SgYE=
6,27,WUIRVa5UIwMhOlORkoWgQ5itHKI=,DZOPGLvBSQeWU8jKlCqxdVq0NI0=
4,20,WUIRVa5UIwMhOlORkoWgQ5itHKI=,UFbabxh7emGtgywfvQATZ4jZLgU=
5,20,WUIRVa5UIwMhOlORkoWgQ5itHKI=,UFbabxh7emGtgywfvQATZ4jZLgU=
9,22,WUIRVa5UIwMhOlORkoWgQ5itHKI=,9JwIr9HeCIkOkhJJOPaMqB7SgYE=
6,22,WUIRVa5UIwMhOlORkoWgQ5itHKI=,UFbabxh7emGtgywfvQATZ4jZLgU=
7,20,WUIRVa5UIwMhOlORkoWgQ5itHKI=,UFbabxh7emGtgywfvQATZ4jZLgU=
6,20,WUIRVa5UIwMhOlORkoWgQ5itHKI=,UFbabxh7emGtgywfvQATZ4jZLgU=
7,21,WUIRVa5UIwMhOlORkoWgQ5itHKI=,UFbabxh7emGtgywfvQATZ4jZLgU=
6,21,WUIRVa5UIwMhOlORkoWgQ5itHKI=,UFbabxh7emGtgywfvQATZ4jZLgU=
8,20,WUIRVa5UIwMhOlORkoWgQ5itHKI=,9JwIr9HeCIkOkhJJOPaMqB7SgYE=
8,21,WUIRVa5UIwMhOlORkoWgQ5itHKI=,9JwIr9HeCIkOkhJJOPaMqB7SgYE=
8,22,WUIRVa5UIwMhOlORkoWgQ5itHKI=,9JwIr9HeCIkOkhJJOPaMqB7SgYE=
7,22,WUIRVa5UIwMhOlORkoWgQ5itHKI=,UFbabxh7emGtgywfvQATZ4jZLgU=
5,27,WUIRVa5UIwMhOlORkoWgQ5itHKI=,DZOPGLvBSQeWU8jKlCqxdVq0NI0=
5,22,WUIRVa5UIwMhOlORkoWgQ5itHKI=,UFbabxh7emGtgywfvQATZ4jZLgU=
4,21,WUIRVa5UIwMhOlORkoWgQ5itHKI=,UFbabxh7emGtgywfvQATZ4jZLgU=
11,23,WUIRVa5UIwMhOlORkoWgQ5itHKI=,9JwIr9HeCIkOkhJJOPaMqB7SgYE=
4,27,WUIRVa5UIwMhOlORkoWgQ5itHKI=,DZOPGLvBSQeWU8jKlCqxdVq0NI0=
11,26,WUIRVa5UIwMhOlORkoWgQ5itHKI=,zTz/RTjs/iAuh3QUVBrLPEv4vZQ=
10,26,WUIRVa5UIwMhOlORkoWgQ5itHKI=,zTz/RTjs/iAuh3QUVBrLPEv4vZQ=
9,26,WUIRVa5UIwMhOlORkoWgQ5itHKI=,zTz/RTjs/iAuh3QUVBrLPEv4vZQ=
8,24,WUIRVa5UIwMhOlORkoWgQ5itHKI=,zTz/RTjs/iAuh3QUVBrLPEv4vZQ=
4,22,WUIRVa5UIwMhOlORkoWgQ5itHKI=,UFbabxh7emGtgywfvQATZ4jZLgU=
9,23,WUIRVa5UIwMhOlORkoWgQ5itHKI=,9JwIr9HeCIkOkhJJOPaMqB7SgYE=
9,27,WUIRVa5UIwMhOlORkoWgQ5itHKI=,zTz/RTjs/iAuh3QUVBrLPEv4vZQ=
11,25,WUIRVa5UIwMhOlORkoWgQ5itHKI=,zTz/RTjs/iAuh3QUVBrLPEv4vZQ=
10,27,WUIRVa5UIwMhOlORkoWgQ5itHKI=,zTz/RTjs/iAuh3QUVBrLPEv4vZQ=
5,21,WUIRVa5UIwMhOlORkoWgQ5itHKI=,UFbabxh7emGtgywfvQATZ4jZLgU=
5,23,WUIRVa5UIwMhOlORkoWgQ5itHKI=,UFbabxh7emGtgywfvQATZ4jZLgU=
10,25,WUIRVa5UIwMhOlORkoWgQ5itHKI=,zTz/RTjs/iAuh3QUVBrLPEv4vZQ=
11,27,WUIRVa5UIwMhOlORkoWgQ5itHKI=,zTz/RTjs/iAuh3QUVBrLPEv4vZQ=
9,25,WUIRVa5UIwMhOlORkoWgQ5itHKI=,zTz/RTjs/iAuh3QUVBrLPEv4vZQ=
11,24,WUIRVa5UIwMhOlORkoWgQ5itHKI=,zTz/RTjs/iAuh3QUVBrLPEv4vZQ=
6,23,WUIRVa5UIwMhOlORkoWgQ5itHKI=,UFbabxh7emGtgywfvQATZ4jZLgU=
10,24,WUIRVa5UIwMhOlORkoWgQ5itHKI=,zTz/RTjs/iAuh3QUVBrLPEv4vZQ=
9,24,WUIRVa5UIwMhOlORkoWgQ5itHKI=,zTz/RTjs/iAuh3QUVBrLPEv4vZQ=
10,23,WUIRVa5UIwMhOlORkoWgQ5itHKI=,9JwIr9HeCIkOkhJJOPaMqB7SgYE=
7,26,WUIRVa5UIwMhOlORkoWgQ5itHKI=,DZOPGLvBSQeWU8jKlCqxdVq0NI0=
8,23,WUIRVa5UIwMhOlORkoWgQ5itHKI=,9JwIr9HeCIkOkhJJOPaMqB7SgYE=
7,25,WUIRVa5UIwMhOlORkoWgQ5itHKI=,DZOPGLvBSQeWU8jKlCqxdVq0NI0=
8,26,WUIRVa5UIwMhOlORkoWgQ5itHKI=,zTz/RTjs/iAuh3QUVBrLPEv4vZQ=
6,26,WUIRVa5UIwMhOlORkoWgQ5itHKI=,DZOPGLvBSQeWU8jKlCqxdVq0NI0=
7,24,WUIRVa5UIwMhOlORkoWgQ5itHKI=,DZOPGLvBSQeWU8jKlCqxdVq0NI0=
6,24,WUIRVa5UIwMhOlORkoWgQ5itHKI=,DZOPGLvBSQeWU8jKlCqxdVq0NI0=
4,24,WUIRVa5UIwMhOlORkoWgQ5itHKI=,DZOPGLvBSQeWU8jKlCqxdVq0NI0=
7,23,WUIRVa5UIwMhOlORkoWgQ5itHKI=,UFbabxh7emGtgywfvQATZ4jZLgU=
8,25,WUIRVa5UIwMhOlORkoWgQ5itHKI=,zTz/RTjs/iAuh3QUVBrLPEv4vZQ=
4,26,WUIRVa5UIwMhOlORkoWgQ5itHKI=,DZOPGLvBSQeWU8jKlCqxdVq0NI0=
5,24,WUIRVa5UIwMhOlORkoWgQ5itHKI=,DZOPGLvBSQeWU8jKlCqxdVq0NI0=
5,26,WUIRVa5UIwMhOlORkoWgQ5itHKI=,DZOPGLvBSQeWU8jKlCqxdVq0NI0=
8,27,WUIRVa5UIwMhOlORkoWgQ5itHKI=,zTz/RTjs/iAuh3QUVBrLPEv4vZQ=
6,25,WUIRVa5UIwMhOlORkoWgQ5itHKI=,DZOPGLvBSQeWU8jKlCqxdVq0NI0=
15,27,WUIRVa5UIwMhOlORkoWgQ5itHKI=,zTz/RTjs/iAuh3QUVBrLPEv4vZQ=
12,20,WUIRVa5UIwMhOlORkoWgQ5itHKI=,9JwIr9HeCIkOkhJJOPaMqB7SgYE=
15,24,WUIRVa5UIwMhOlORkoWgQ5itHKI=,zTz/RTjs/iAuh3QUVBrLPEv4vZQ=
14,22,WUIRVa5UIwMhOlORkoWgQ5itHKI=,9JwIr9HeCIkOkhJJOPaMqB7SgYE=
13,20,WUIRVa5UIwMhOlORkoWgQ5itHKI=,9JwIr9HeCIkOkhJJOPaMqB7SgYE=
14,20,WUIRVa5UIwMhOlORkoWgQ5itHKI=,9JwIr9HeCIkOkhJJOPaMqB7SgYE=
15,23,WUIRVa5UIwMhOlORkoWgQ5itHKI=,9JwIr9HeCIkOkhJJOPaMqB7SgYE=
13,22,WUIRVa5UIwMhOlORkoWgQ5itHKI=,9JwIr9HeCIkOkhJJOPaMqB7SgYE=
12,22,WUIRVa5UIwMhOlORkoWgQ5itHKI=,9JwIr9HeCIkOkhJJOPaMqB7SgYE=
14,21,WUIRVa5UIwMhOlORkoWgQ5itHKI=,9JwIr9HeCIkOkhJJOPaMqB7SgYE=
13,21,WjT2y383xZrVhF9Jsmm0DPtieSQ=,9JwIr9HeCIkOkhJJOPaMqB7SgYE=
15,25,WjT2y383xZrVhF9Jsmm0DPtieSQ=,zTz/RTjs/iAuh3QUVBrLPEv4vZQ=
12,21,WjT2y383xZrVhF9Jsmm0DPtieSQ=,9JwIr9HeCIkOkhJJOPaMqB7SgYE=
12,26,WjT2y383xZrVhF9Jsmm0DPtieSQ=,zTz/RTjs/iAuh3QUVBrLPEv4vZQ=
13,26,WjT2y383xZrVhF9Jsmm0DPtieSQ=,zTz/RTjs/iAuh3QUVBrLPEv4vZQ=
15,26,WjT2y383xZrVhF9Jsmm0DPtieSQ=,zTz/RTjs/iAuh3QUVBrLPEv4vZQ=
14,26,WjT2y383xZrVhF9Jsmm0DPtieSQ=,zTz/RTjs/iAuh3QUVBrLPEv4vZQ=
12,24,BgJLUruIlw53TnQfktbFMVhoAHc=,zTz/RTjs/iAuh3QUVBrLPEv4vZQ=
12,23,BgJLUruIlw53TnQfktbFMVhoAHc=,9JwIr9HeCIkOkhJJOPaMqB7SgYE=
13,23,BgJLUruIlw53TnQfktbFMVhoAHc=,9JwIr9HeCIkOkhJJOPaMqB7SgYE=
14,27,BgJLUruIlw53TnQfktbFMVhoAHc=,zTz/RTjs/iAuh3QUVBrLPEv4vZQ=
14,25,BgJLUruIlw53TnQfktbFMVhoAHc=,zTz/RTjs/iAuh3QUVBrLPEv4vZQ=
14,23,BgJLUruIlw53TnQfktbFMVhoAHc=,9JwIr9HeCIkOkhJJOPaMqB7SgYE=
13,24,BgJLUruIlw53TnQfktbFMVhoAHc=,zTz/RTjs/iAuh3QUVBrLPEv4vZQ=
13,25,BgJLUruIlw53TnQfktbFMVhoAHc=,zTz/RTjs/iAuh3QUVBrLPEv4vZQ=
13,27,BgJLUruIlw53TnQfktbFMVhoAHc=,zTz/RTjs/iAuh3QUVBrLPEv4vZQ=
12,25,BgJLUruIlw53TnQfktbFMVhoAHc=,zTz/RTjs/iAuh3QUVBrLPEv4vZQ=
14,24,BgJLUruIlw53TnQfktbFMVhoAHc=,zTz/RTjs/iAuh3QUVBrLPEv4vZQ=
12,27,BgJLUruIlw53TnQfktbFMVhoAHc=,zTz/RTjs/iAuh3QUVBrLPEv4vZQ=
6,31,eVC0DSPQvRjUfn3wfCn6lLZ4e58=,DZOPGLvBSQeWU8jKlCqxdVq0NI0=
7,31,eVC0DSPQvRjUfn3wfCn6lLZ4e58=,DZOPGLvBSQeWU8jKlCqxdVq0NI0=
9,28,eVC0DSPQvRjUfn3wfCn6lLZ4e58=,zTz/RTjs/iAuh3QUVBrLPEv4vZQ=
10,28,eVC0DSPQvRjUfn3wfCn6lLZ4e58=,zTz/RTjs/iAuh3QUVBrLPEv4vZQ=
5,31,eVC0DSPQvRjUfn3wfCn6lLZ4e58=,DZOPGLvBSQeWU8jKlCqxdVq0NI0=
11,28,eVC0DSPQvRjUfn3wfCn6lLZ4e58=,zTz/RTjs/iAuh3QUVBrLPEv4vZQ=
11,30,eVC0DSPQvRjUfn3wfCn6lLZ4e58=,zTz/RTjs/iAuh3QUVBrLPEv4vZQ=
10,30,eVC0DSPQvRjUfn3wfCn6lLZ4e58=,zTz/RTjs/iAuh3QUVBrLPEv4vZQ=
4,31,eVC0DSPQvRjUfn3wfCn6lLZ4e58=,DZOPGLvBSQeWU8jKlCqxdVq0NI0=
9,29,eVC0DSPQvRjUfn3wfCn6lLZ4e58=,zTz/RTjs/iAuh3QUVBrLPEv4vZQ=
11,31,eVC0DSPQvRjUfn3wfCn6lLZ4e58=,zTz/RTjs/iAuh3QUVBrLPEv4vZQ=
9,30,eVC0DSPQvRjUfn3wfCn6lLZ4e58=,zTz/RTjs/iAuh3QUVBrLPEv4vZQ=
10,29,eVC0DSPQvRjUfn3wfCn6lLZ4e58=,zTz/RTjs/iAuh3QUVBrLPEv4vZQ=
10,31,eVC0DSPQvRjUfn3wfCn6lLZ4e58=,zTz/RTjs/iAuh3QUVBrLPEv4vZQ=
11,29,eVC0DSPQvRjUfn3wfCn6lLZ4e58=,zTz/RTjs/iAuh3QUVBrLPEv4vZQ=
8,30,eVC0DSPQvRjUfn3wfCn6lLZ4e58=,zTz/RTjs/iAuh3QUVBrLPEv4vZQ=
8,31,eVC0DSPQvRjUfn3wfCn6lLZ4e58=,zTz/RTjs/iAuh3QUVBrLPEv4vZQ=
9,31,eVC0DSPQvRjUfn3wfCn6lLZ4e58=,zTz/RTjs/iAuh3QUVBrLPEv4vZQ=
7,30,eVC0DSPQvRjUfn3wfCn6lLZ4e58=,DZOPGLvBSQeWU8jKlCqxdVq0NI0=
6,30,eVC0DSPQvRjUfn3wfCn6lLZ4e58=,DZOPGLvBSQeWU8jKlCqxdVq0NI0=
5,30,eVC0DSPQvRjUfn3wfCn6lLZ4e58=,DZOPGLvBSQeWU8jKlCqxdVq0NI0=
4,28,eVC0DSPQvRjUfn3wfCn6lLZ4e58=,DZOPGLvBSQeWU8jKlCqxdVq0NI0=
5,28,eVC0DSPQvRjUfn3wfCn6lLZ4e58=,DZOPGLvBSQeWU8jKlCqxdVq0NI0=
4,30,eVC0DSPQvRjUfn3wfCn6lLZ4e58=,DZOPGLvBSQeWU8jKlCqxdVq0NI0=
6,28,eVC0DSPQvRjUfn3wfCn6lLZ4e58=,DZOPGLvBSQeWU8jKlCqxdVq0NI0=
7,28,eVC0DSPQvRjUfn3wfCn6lLZ4e58=,DZOPGLvBSQeWU8jKlCqxdVq0NI0=
8,28,eVC0DSPQvRjUfn3wfCn6lLZ4e58=,zTz/RTjs/iAuh3QUVBrLPEv4vZQ=
7,29,eVC0DSPQvRjUfn3wfCn6lLZ4e58=,DZOPGLvBSQeWU8jKlCqxdVq0NI0=
8,29,eVC0DSPQvRjUfn3wfCn6lLZ4e58=,zTz/RTjs/iAuh3QUVBrLPEv4vZQ=
4,29,eVC0DSPQvRjUfn3wfCn6lLZ4e58=,DZOPGLvBSQeWU8jKlCqxdVq0NI0=
5,29,eVC0DSPQvRjUfn3wfCn6lLZ4e58=,DZOPGLvBSQeWU8jKlCqxdVq0NI0=
6,29,eVC0DSPQvRjUfn3wfCn6lLZ4e58=,DZOPGLvBSQeWU8jKlCqxdVq0NI0=
15,31,eVC0DSPQvRjUfn3wfCn6lLZ4e58=,zTz/RTjs/iAuh3QUVBrLPEv4vZQ=
15,30,eVC0DSPQvRjUfn3wfCn6lLZ4e58=,zTz/RTjs/iAuh3QUVBrLPEv4vZQ=
0,24,eVC0DSPQvRjUfn3wfCn6lLZ4e58=,DZOPGLvBSQeWU8jKlCqxdVq0NI0=
12,28,eVC0DSPQvRjUfn3wfCn6lLZ4e58=,zTz/RTjs/iAuh3QUVBrLPEv4vZQ=
0,27,eVC0DSPQvRjUfn3wfCn6lLZ4e58=,DZOPGLvBSQeWU8jKlCqxdVq0NI0=
0,25,eVC0DSPQvRjUfn3wfCn6lLZ4e58=,DZOPGLvBSQeWU8jKlCqxdVq0NI0=
0,31,eVC0DSPQvRjUfn3wfCn6lLZ4e58=,DZOPGLvBSQeWU8jKlCqxdVq0NI0=
15,29,eVC0DSPQvRjUfn3wfCn6lLZ4e58=,zTz/RTjs/iAuh3QUVBrLPEv4vZQ=
0,26,eVC0DSPQvRjUfn3wfCn6lLZ4e58=,DZOPGLvBSQeWU8jKlCqxdVq0NI0=
15,28,eVC0DSPQvRjUfn3wfCn6lLZ4e58=,zTz/RTjs/iAuh3QUVBrLPEv4vZQ=
14,31,eVC0DSPQvRjUfn3wfCn6lLZ4e58=,zTz/RTjs/iAuh3QUVBrLPEv4vZQ=
2,23,eVC0DSPQvRjUfn3wfCn6lLZ4e58=,UFbabxh7emGtgywfvQATZ4jZLgU=
0,30,eVC0DSPQvRjUfn3wfCn6lLZ4e58=,DZOPGLvBSQeWU8jKlCqxdVq0NI0=
13,31,eVC0DSPQvRjUfn3wfCn6lLZ4e58=,zTz/RTjs/iAuh3QUVBrLPEv4vZQ=
12,29,eVC0DSPQvRjUfn3wfCn6lLZ4e58=,zTz/RTjs/iAuh3QUVBrLPEv4vZQ=
3,25,eVC0DSPQvRjUfn3wfCn6lLZ4e58=,DZOPGLvBSQeWU8jKlCqxdVq0NI0=
0,29,eVC0DSPQvRjUfn3wfCn6lLZ4e58=,DZOPGLvBSQeWU8jKlCqxdVq0NI0=
13,29,eVC0DSPQvRjUfn3wfCn6lLZ4e58=,zTz/RTjs/iAuh3QUVBrLPEv4vZQ=
12,31,eVC0DSPQvRjUfn3wfCn6lLZ4e58=,zTz/RTjs/iAuh3QUVBrLPEv4vZQ=
3,23,eVC0DSPQvRjUfn3wfCn6lLZ4e58=,UFbabxh7emGtgywfvQATZ4jZLgU=
0,28,eVC0DSPQvRjUfn3wfCn6lLZ4e58=,DZOPGLvBSQeWU8jKlCqxdVq0NI0=
14,29,eVC0DSPQvRjUfn3wfCn6lLZ4e58=,zTz/RTjs/iAuh3QUVBrLPEv4vZQ=
1,23,eVC0DSPQvRjUfn3wfCn6lLZ4e58=,UFbabxh7emGtgywfvQATZ4jZLgU=
3,31,eVC0DSPQvRjUfn3wfCn6lLZ4e58=,DZOPGLvBSQeWU8jKlCqxdVq0NI0=
12,30,eVC0DSPQvRjUfn3wfCn6lLZ4e58=,zTz/RTjs/iAuh3QUVBrLPEv4vZQ=
13,30,eVC0DSPQvRjUfn3wfCn6lLZ4e58=,zTz/RTjs/iAuh3QUVBrLPEv4vZQ=
2,31,eVC0DSPQvRjUfn3wfCn6lLZ4e58=,DZOPGLvBSQeWU8jKlCqxdVq0NI0=
1,24,eVC0DSPQvRjUfn3wfCn6lLZ4e58=,DZOPGLvBSQeWU8jKlCqxdVq0NI0=
14,30,eVC0DSPQvRjUfn3wfCn6lLZ4e58=,zTz/RTjs/iAuh3QUVBrLPEv4vZQ=
13,28,eVC0DSPQvRjUfn3wfCn6lLZ4e58=,zTz/RTjs/iAuh3QUVBrLPEv4vZQ=
2,25,eVC0DSPQvRjUfn3wfCn6lLZ4e58=,DZOPGLvBSQeWU8jKlCqxdVq0NI0=
1,31,eVC0DSPQvRjUfn3wfCn6lLZ4e58=,DZOPGLvBSQeWU8jKlCqxdVq0NI0=
3,30,eVC0DSPQvRjUfn3wfCn6lLZ4e58=,DZOPGLvBSQeWU8jKlCqxdVq0NI0=
2,24,eVC0DSPQvRjUfn3wfCn6lLZ4e58=,DZOPGLvBSQeWU8jKlCqxdVq0NI0=
2,30,eVC0DSPQvRjUfn3wfCn6lLZ4e58=,DZOPGLvBSQeWU8jKlCqxdVq0NI0=
3,27,eVC0DSPQvRjUfn3wfCn6lLZ4e58=,DZOPGLvBSQeWU8jKlCqxdVq0NI0=
3,24,eVC0DSPQvRjUfn3wfCn6lLZ4e58=,DZOPGLvBSQeWU8jKlCqxdVq0NI0=
3,29,eVC0DSPQvRjUfn3wfCn6lLZ4e58=,DZOPGLvBSQeWU8jKlCqxdVq0NI0=
2,29,eVC0DSPQvRjUfn3wfCn6lLZ4e58=,DZOPGLvBSQeWU8jKlCqxdVq0NI0=
2,27,eVC0DSPQvRjUfn3wfCn6lLZ4e58=,DZOPGLvBSQeWU8jKlCqxdVq0NI0=
1,30,eVC0DSPQvRjUfn3wfCn6lLZ4e58=,DZOPGLvBSQeWU8jKlCqxdVq0NI0=
1,29,eVC0DSPQvRjUfn3wfCn6lLZ4e58=,DZOPGLvBSQeWU8jKlCqxdVq0NI0=
1,27,eVC0DSPQvRjUfn3wfCn6lLZ4e58=,DZOPGLvBSQeWU8jKlCqxdVq0NI0=
3,28,eVC0DSPQvRjUfn3wfCn6lLZ4e58=,DZOPGLvBSQeWU8jKlCqxdVq0NI0=
7,16,eVC0DSPQvRjUfn3wfCn6lLZ4e58=,UFbabxh7emGtgywfvQATZ4jZLgU=
14,28,eVC0DSPQvRjUfn3wfCn6lLZ4e58=,zTz/RTjs/iAuh3QUVBrLPEv4vZQ=
1,25,eVC0DSPQvRjUfn3wfCn6lLZ4e58=,DZOPGLvBSQeWU8jKlCqxdVq0NI0=
2,16,eVC0DSPQvRjUfn3wfCn6lLZ4e58=,UFbabxh7emGtgywfvQATZ4jZLgU=
2,28,eVC0DSPQvRjUfn3wfCn6lLZ4e58=,DZOPGLvBSQeWU8jKlCqxdVq0NI0=
1,28,eVC0DSPQvRjUfn3wfCn6lLZ4e58=,DZOPGLvBSQeWU8jKlCqxdVq0NI0=
3,26,eVC0DSPQvRjUfn3wfCn6lLZ4e58=,DZOPGLvBSQeWU8jKlCqxdVq0NI0=
15,16,eVC0DSPQvRjUfn3wfCn6lLZ4e58=,9JwIr9HeCIkOkhJJOPaMqB7SgYE=
6,16,eVC0DSPQvRjUfn3wfCn6lLZ4e58=,UFbabxh7emGtgywfvQATZ4jZLgU=
12,16,eVC0DSPQvRjUfn3wfCn6lLZ4e58=,9JwIr9HeCIkOkhJJOPaMqB7SgYE=
13,16,eVC0DSPQvRjUfn3wfCn6lLZ4e58=,9JwIr9HeCIkOkhJJOPaMqB7SgYE=
2,26,eVC0DSPQvRjUfn3wfCn6lLZ4e58=,DZOPGLvBSQeWU8jKlCqxdVq0NI0=
0,19,eVC0DSPQvRjUfn3wfCn6lLZ4e58=,UFbabxh7emGtgywfvQATZ4jZLgU=
14,16,eVC0DSPQvRjUfn3wfCn6lLZ4e58=,9JwIr9HeCIkOkhJJOPaMqB7SgYE=
1,26,eVC0DSPQvRjUfn3wfCn6lLZ4e58=,DZOPGLvBSQeWU8jKlCqxdVq0NI0=
15,19,eVC0DSPQvRjUfn3wfCn6lLZ4e58=,9JwIr9HeCIkOkhJJOPaMqB7SgYE=
14,19,eVC0DSPQvRjUfn3wfCn6lLZ4e58=,9JwIr9HeCIkOkhJJOPaMqB7SgYE=
3,22,eVC0DSPQvRjUfn3wfCn6lLZ4e58=,UFbabxh7emGtgywfvQATZ4jZLgU=
0,18,eVC0DSPQvRjUfn3wfCn6lLZ4e58=,UFbabxh7emGtgywfvQATZ4jZLgU=
3,20,eVC0DSPQvRjUfn3wfCn6lLZ4e58=,UFbabxh7emGtgywfvQATZ4jZLgU=
12,19,eVC0DSPQvRjUfn3wfCn6lLZ4e58=,9JwIr9HeCIkOkhJJOPaMqB7SgYE=
0,17,eVC0DSPQvRjUfn3wfCn6lLZ4e58=,UFbabxh7emGtgywfvQATZ4jZLgU=
2,20,eVC0DSPQvRjUfn3wfCn6lLZ4e58=,UFbabxh7emGtgywfvQATZ4jZLgU=
15,18,eVC0DSPQvRjUfn3wfCn6lLZ4e58=,9JwIr9HeCIkOkhJJOPaMqB7SgYE=
11,16,eVC0DSPQvRjUfn3wfCn6lLZ4e58=,9JwIr9HeCIkOkhJJOPaMqB7SgYE=
14,18,eVC0DSPQvRjUfn3wfCn6lLZ4e58=,9JwIr9HeCIkOkhJJOPaMqB7SgYE=
12,17,eVC0DSPQvRjUfn3wfCn6lLZ4e58=,9JwIr9HeCIkOkhJJOPaMqB7SgYE=
10,16,eVC0DSPQvRjUfn3wfCn6lLZ4e58=,9JwIr9HeCIkOkhJJOPaMqB7SgYE=
0,20,eVC0DSPQvRjUfn3wfCn6lLZ4e58=,UFbabxh7emGtgywfvQATZ4jZLgU=
3,21,eVC0DSPQvRjUfn3wfCn6lLZ4e58=,UFbabxh7emGtgywfvQATZ4jZLgU=
0,22,eVC0DSPQvRjUfn3wfCn6lLZ4e58=,UFbabxh7emGtgywfvQATZ4jZLgU=
9,16,eVC0DSPQvRjUfn3wfCn6lLZ4e58=,9JwIr9HeCIkOkhJJOPaMqB7SgYE=
13,19,eVC0DSPQvRjUfn3wfCn6lLZ4e58=,9JwIr9HeCIkOkhJJOPaMqB7SgYE=
0,21,eVC0DSPQvRjUfn3wfCn6lLZ4e58=,UFbabxh7emGtgywfvQATZ4jZLgU=
2,22,eVC0DSPQvRjUfn3wfCn6lLZ4e58=,UFbabxh7emGtgywfvQATZ4jZLgU=
0,23,eVC0DSPQvRjUfn3wfCn6lLZ4e58=,UFbabxh7emGtgywfvQATZ4jZLgU=
1,21,eVC0DSPQvRjUfn3wfCn6lLZ4e58=,UFbabxh7emGtgywfvQATZ4jZLgU=
13,18,eVC0DSPQvRjUfn3wfCn6lLZ4e58=,9JwIr9HeCIkOkhJJOPaMqB7SgYE=
13,17,eVC0DSPQvRjUfn3wfCn6lLZ4e58=,9JwIr9HeCIkOkhJJOPaMqB7SgYE=
1,22,eVC0DSPQvRjUfn3wfCn6lLZ4e58=,UFbabxh7emGtgywfvQATZ4jZLgU=
14,17,eVC0DSPQvRjUfn3wfCn6lLZ4e58=,9JwIr9HeCIkOkhJJOPaMqB7SgYE=
12,18,eVC0DSPQvRjUfn3wfCn6lLZ4e58=,9JwIr9HeCIkOkhJJOPaMqB7SgYE=
1,20,eVC0DSPQvRjUfn3wfCn6lLZ4e58=,UFbabxh7emGtgywfvQATZ4jZLgU=
1,19,eVC0DSPQvRjUfn3wfCn6lLZ4e58=,UFbabxh7emGtgywfvQATZ4jZLgU=
2,21,eVC0DSPQvRjUfn3wfCn6lLZ4e58=,UFbabxh7emGtgywfvQATZ4jZLgU=
8,16,eVC0DSPQvRjUfn3wfCn6lLZ4e58=,9JwIr9HeCIkOkhJJOPaMqB7SgYE=
7,17,eVC0DSPQvRjUfn3wfCn6lLZ4e58=,UFbabxh7emGtgywfvQATZ4jZLgU=
15,17,eVC0DSPQvRjUfn3wfCn6lLZ4e58=,9JwIr9HeCIkOkhJJOPaMqB7SgYE=
1,16,eVC0DSPQvRjUfn3wfCn6lLZ4e58=,UFbabxh7emGtgywfvQATZ4jZLgU=
5,16,eVC0DSPQvRjUfn3wfCn6lLZ4e58=,UFbabxh7emGtgywfvQATZ4jZLgU=
6,18,eVC0DSPQvRjUfn3wfCn6lLZ4e58=,UFbabxh7emGtgywfvQATZ4jZLgU=
7,18,eVC0DSPQvRjUfn3wfCn6lLZ4e58=,UFbabxh7emGtgywfvQATZ4jZLgU=
5,18,eVC0DSPQvRjUfn3wfCn6lLZ4e58=,UFbabxh7emGtgywfvQATZ4jZLgU=
6,17,eVC0DSPQvRjUfn3wfCn6lLZ4e58=,UFbabxh7emGtgywfvQATZ4jZLgU=
5,17,eVC0DSPQvRjUfn3wfCn6lLZ4e58=,UFbabxh7emGtgywfvQATZ4jZLgU=
0,16,eVC0DSPQvRjUfn3wfCn6lLZ4e58=,UFbabxh7emGtgywfvQATZ4jZLgU=
7,19,eVC0DSPQvRjUfn3wfCn6lLZ4e58=,UFbabxh7emGtgywfvQATZ4jZLgU=
6,19,eVC0DSPQvRjUfn3wfCn6lLZ4e58=,UFbabxh7emGtgywfvQATZ4jZLgU=
4,18,eVC0DSPQvRjUfn3wfCn6lLZ4e58=,UFbabxh7emGtgywfvQATZ4jZLgU=
8,19,eVC0DSPQvRjUfn3wfCn6lLZ4e58=,9JwIr9HeCIkOkhJJOPaMqB7SgYE=
8,18,eVC0DSPQvRjUfn3wfCn6lLZ4e58=,9JwIr9HeCIkOkhJJOPaMqB7SgYE=
5,19,eVC0DSPQvRjUfn3wfCn6lLZ4e58=,UFbabxh7emGtgywfvQATZ4jZLgU=
3,18,eVC0DSPQvRjUfn3wfCn6lLZ4e58=,UFbabxh7emGtgywfvQATZ4jZLgU=
4,19,eVC0DSPQvRjUfn3wfCn6lLZ4e58=,UFbabxh7emGtgywfvQATZ4jZLgU=
3,19,eVC0DSPQvRjUfn3wfCn6lLZ4e58=,UFbabxh7emGtgywfvQATZ4jZLgU=
2,18,eVC0DSPQvRjUfn3wfCn6lLZ4e58=,UFbabxh7emGtgywfvQATZ4jZLgU=
1,18,eVC0DSPQvRjUfn3wfCn6lLZ4e58=,UFbabxh7emGtgywfvQATZ4jZLgU=
3,17,eVC0DSPQvRjUfn3wfCn6lLZ4e58=,UFbabxh7emGtgywfvQATZ4jZLgU=
2,17,eVC0DSPQvRjUfn3wfCn6lLZ4e58=,UFbabxh7emGtgywfvQATZ4jZLgU=
2,19,eVC0DSPQvRjUfn3wfCn6lLZ4e58=,UFbabxh7emGtgywfvQATZ4jZLgU=
1,17,eVC0DSPQvRjUfn3wfCn6lLZ4e58=,UFbabxh7emGtgywfvQATZ4jZLgU=
8,17,eVC0DSPQvRjUfn3wfCn6lLZ4e58=,9JwIr9HeCIkOkhJJOPaMqB7SgYE=
11,19,eVC0DSPQvRjUfn3wfCn6lLZ4e58=,9JwIr9HeCIkOkhJJOPaMqB7SgYE=
4,17,eVC0DSPQvRjUfn3wfCn6lLZ4e58=,UFbabxh7emGtgywfvQATZ4jZLgU=
10,19,eVC0DSPQvRjUfn3wfCn6lLZ4e58=,9JwIr9HeCIkOkhJJOPaMqB7SgYE=
9,19,eVC0DSPQvRjUfn3wfCn6lLZ4e58=,9JwIr9HeCIkOkhJJOPaMqB7SgYE=
11,18,eVC0DSPQvRjUfn3wfCn6lLZ4e58=,9JwIr9HeCIkOkhJJOPaMqB7SgYE=
10,18,eVC0DSPQvRjUfn3wfCn6lLZ4e58=,9JwIr9HeCIkOkhJJOPaMqB7SgYE=
9,18,eVC0DSPQvRjUfn3wfCn6lLZ4e58=,9JwIr9HeCIkOkhJJOPaMqB7SgYE=
11,17,eVC0DSPQvRjUfn3wfCn6lLZ4e58=,9JwIr9HeCIkOkhJJOPaMqB7SgYE=
9,17,eVC0DSPQvRjUfn3wfCn6lLZ4e58=,9JwIr9HeCIkOkhJJOPaMqB7SgYE=
4,16,eVC0DSPQvRjUfn3wfCn6lLZ4e58=,UFbabxh7emGtgywfvQATZ4jZLgU=
10,17,eVC0DSPQvRjUfn3wfCn6lLZ4e58=,9JwIr9HeCIkOkhJJOPaMqB7SgYE=
3,16,eVC0DSPQvRjUfn3wfCn6lLZ4e58=,UFbabxh7emGtgywfvQATZ4jZLgU=
18,22,VKH725C8e0tyutvmG0FZx4Sk4yM=,uLRNlusrmKuJL3sM7A1EUyDNag8=
30,17,h8JXuE8SFpsCaYsqPgPMjdJhwEY=,LXBkinlu/tCrUXKPn3/ZYrghPaQ=
31,19,h8JXuE8SFpsCaYsqPgPMjdJhwEY=,LXBkinlu/tCrUXKPn3/ZYrghPaQ=
29,19,h8JXuE8SFpsCaYsqPgPMjdJhwEY=,LXBkinlu/tCrUXKPn3/ZYrghPaQ=
28,19,h8JXuE8SFpsCaYsqPgPMjdJhwEY=,LXBkinlu/tCrUXKPn3/ZYrghPaQ=
31,18,h8JXuE8SFpsCaYsqPgPMjdJhwEY=,LXBkinlu/tCrUXKPn3/ZYrghPaQ=
30,18,h8JXuE8SFpsCaYsqPgPMjdJhwEY=,LXBkinlu/tCrUXKPn3/ZYrghPaQ=
29,18,h8JXuE8SFpsCaYsqPgPMjdJhwEY=,LXBkinlu/tCrUXKPn3/ZYrghPaQ=
28,18,h8JXuE8SFpsCaYsqPgPMjdJhwEY=,LXBkinlu/tCrUXKPn3/ZYrghPaQ=
31,23,h8JXuE8SFpsCaYsqPgPMjdJhwEY=,LXBkinlu/tCrUXKPn3/ZYrghPaQ=
31,26,h8JXuE8SFpsCaYsqPgPMjdJhwEY=,pac8hrcAxtHFUBCBjZq0h+XWpY0=
30,26,h8JXuE8SFpsCaYsqPgPMjdJhwEY=,pac8hrcAxtHFUBCBjZq0h+XWpY0=
29,26,h8JXuE8SFpsCaYsqPgPMjdJhwEY=,pac8hrcAxtHFUBCBjZq0h+XWpY0=
30,23,h8JXuE8SFpsCaYsqPgPMjdJhwEY=,LXBkinlu/tCrUXKPn3/ZYrghPaQ=
31,25,h8JXuE8SFpsCaYsqPgPMjdJhwEY=,pac8hrcAxtHFUBCBjZq0h+XWpY0=
28,27,h8JXuE8SFpsCaYsqPgPMjdJhwEY=,pac8hrcAxtHFUBCBjZq0h+XWpY0=
28,26,h8JXuE8SFpsCaYsqPgPMjdJhwEY=,pac8hrcAxtHFUBCBjZq0h+XWpY0=
31,24,h8JXuE8SFpsCaYsqPgPMjdJhwEY=,pac8hrcAxtHFUBCBjZq0h+XWpY0=
30,25,h8JXuE8SFpsCaYsqPgPMjdJhwEY=,pac8hrcAxtHFUBCBjZq0h+XWpY0=
29,23,h8JXuE8SFpsCaYsqPgPMjdJhwEY=,LXBkinlu/tCrUXKPn3/ZYrghPaQ=
29,27,h8JXuE8SFpsCaYsqPgPMjdJhwEY=,pac8hrcAxtHFUBCBjZq0h+XWpY0=
31,27,h8JXuE8SFpsCaYsqPgPMjdJhwEY=,pac8hrcAxtHFUBCBjZq0h+XWpY0=
29,25,h8JXuE8SFpsCaYsqPgPMjdJhwEY=,pac8hrcAxtHFUBCBjZq0h+XWpY0=
28,23,h8JXuE8SFpsCaYsqPgPMjdJhwEY=,LXBkinlu/tCrUXKPn3/ZYrghPaQ=
28,25,h8JXuE8SFpsCaYsqPgPMjdJhwEY=,pac8hrcAxtHFUBCBjZq0h+XWpY0=
31,22,h8JXuE8SFpsCaYsqPgPMjdJhwEY=,LXBkinlu/tCrUXKPn3/ZYrghPaQ=
29,24,h8JXuE8SFpsCaYsqPgPMjdJhwEY=,pac8hrcAxtHFUBCBjZq0h+XWpY0=
28,22,h8JXuE8SFpsCaYsqPgPMjdJhwEY=,LXBkinlu/tCrUXKPn3/ZYrghPaQ=
30,24,h8JXuE8SFpsCaYsqPgPMjdJhwEY=,pac8hrcAxtHFUBCBjZq0h+XWpY0=
28,20,h8JXuE8SFpsCaYsqPgPMjdJhwEY=,LXBkinlu/tCrUXKPn3/ZYrghPaQ=
29,20,h8JXuE8SFpsCaYsqPgPMjdJhwEY=,LXBkinlu/tCrUXKPn3/ZYrghPaQ=
29,22,h8JXuE8SFpsCaYsqPgPMjdJhwEY=,LXBkinlu/tCrUXKPn3/ZYrghPaQ=
31,21,h8JXuE8SFpsCaYsqPgPMjdJhwEY=,LXBkinlu/tCrUXKPn3/ZYrghPaQ=
30,22,h8JXuE8SFpsCaYsqPgPMjdJhwEY=,LXBkinlu/tCrUXKPn3/ZYrghPaQ=
30,20,h8JXuE8SFpsCaYsqPgPMjdJhwEY=,LXBkinlu/tCrUXKPn3/ZYrghPaQ=
31,20,h8JXuE8SFpsCaYsqPgPMjdJhwEY=,LXBkinlu/tCrUXKPn3/ZYrghPaQ=
30,21,h8JXuE8SFpsCaYsqPgPMjdJhwEY=,LXBkinlu/tCrUXKPn3/ZYrghPaQ=
29,21,h8JXuE8SFpsCaYsqPgPMjdJhwEY=,LXBkinlu/tCrUXKPn3/ZYrghPaQ=
28,21,h8JXuE8SFpsCaYsqPgPMjdJhwEY=,LXBkinlu/tCrUXKPn3/ZYrghPaQ=
28,24,h8JXuE8SFpsCaYsqPgPMjdJhwEY=,pac8hrcAxtHFUBCBjZq0h+XWpY0=
30,27,h8JXuE8SFpsCaYsqPgPMjdJhwEY=,pac8hrcAxtHFUBCBjZq0h+XWpY0=
23,23,qHBaEO20jr2WLKHfK8tMbqyJR8A=,uLRNlusrmKuJL3sM7A1EUyDNag8=
24,26,qHBaEO20jr2WLKHfK8tMbqyJR8A=,pac8hrcAxtHFUBCBjZq0h+XWpY0=
25,27,qHBaEO20jr2WLKHfK8tMbqyJR8A=,pac8hrcAxtHFUBCBjZq0h+XWpY0=
22,23,qHBaEO20jr2WLKHfK8tMbqyJR8A=,uLRNlusrmKuJL3sM7A1EUyDNag8=
24,25,qHBaEO20jr2WLKHfK8tMbqyJR8A=,pac8hrcAxtHFUBCBjZq0h+XWpY0=
21,23,qHBaEO20jr2WLKHfK8tMbqyJR8A=,uLRNlusrmKuJL3sM7A1EUyDNag8=
20,23,qHBaEO20jr2WLKHfK8tMbqyJR8A=,uLRNlusrmKuJL3sM7A1EUyDNag8=
24,23,qHBaEO20jr2WLKHfK8tMbqyJR8A=,LXBkinlu/tCrUXKPn3/ZYrghPaQ=
24,24,qHBaEO20jr2WLKHfK8tMbqyJR8A=,pac8hrcAxtHFUBCBjZq0h+XWpY0=
27,23,qHBaEO20jr2WLKHfK8tMbqyJR8A=,LXBkinlu/tCrUXKPn3/ZYrghPaQ=
24,27,qHBaEO20jr2WLKHfK8tMbqyJR8A=,pac8hrcAxtHFUBCBjZq0h+XWpY0=
26,23,qHBaEO20jr2WLKHfK8tMbqyJR8A=,LXBkinlu/tCrUXKPn3/ZYrghPaQ=
25,23,qHBaEO20jr2WLKHfK8tMbqyJR8A=,LXBkinlu/tCrUXKPn3/ZYrghPaQ=
23,22,qHBaEO20jr2WLKHfK8tMbqyJR8A=,uLRNlusrmKuJL3sM7A1EUyDNag8=
27,26,qHBaEO20jr2WLKHfK8tMbqyJR8A=,pac8hrcAxtHFUBCBjZq0h+XWpY0=
27,24,qHBaEO20jr2WLKHfK8tMbqyJR8A=,pac8hrcAxtHFUBCBjZq0h+XWpY0=
24,20,qHBaEO20jr2WLKHfK8tMbqyJR8A=,LXBkinlu/tCrUXKPn3/ZYrghPaQ=
26,20,qHBaEO20jr2WLKHfK8tMbqyJR8A=,LXBkinlu/tCrUXKPn3/ZYrghPaQ=
26,24,qHBaEO20jr2WLKHfK8tMbqyJR8A=,pac8hrcAxtHFUBCBjZq0h+XWpY0=
27,20,qHBaEO20jr2WLKHfK8tMbqyJR8A=,LXBkinlu/tCrUXKPn3/ZYrghPaQ=
24,21,qHBaEO20jr2WLKHfK8tMbqyJR8A=,LXBkinlu/tCrUXKPn3/ZYrghPaQ=
25,24,qHBaEO20jr2WLKHfK8tMbqyJR8A=,pac8hrcAxtHFUBCBjZq0h+XWpY0=
25,21,qHBaEO20jr2WLKHfK8tMbqyJR8A=,LXBkinlu/tCrUXKPn3/ZYrghPaQ=
26,21,qHBaEO20jr2WLKHfK8tMbqyJR8A=,LXBkinlu/tCrUXKPn3/ZYrghPaQ=
27,21,qHBaEO20jr2WLKHfK8tMbqyJR8A=,LXBkinlu/tCrUXKPn3/ZYrghPaQ=
25,25,qHBaEO20jr2WLKHfK8tMbqyJR8A=,pac8hrcAxtHFUBCBjZq0h+XWpY0=
24,22,qHBaEO20jr2WLKHfK8tMbqyJR8A=,LXBkinlu/tCrUXKPn3/ZYrghPaQ=
25,20,qHBaEO20jr2WLKHfK8tMbqyJR8A=,LXBkinlu/tCrUXKPn3/ZYrghPaQ=
26,25,qHBaEO20jr2WLKHfK8tMbqyJR8A=,pac8hrcAxtHFUBCBjZq0h+XWpY0=
25,22,qHBaEO20jr2WLKHfK8tMbqyJR8A=,LXBkinlu/tCrUXKPn3/ZYrghPaQ=
23,21,qHBaEO20jr2WLKHfK8tMbqyJR8A=,uLRNlusrmKuJL3sM7A1EUyDNag8=
26,22,qHBaEO20jr2WLKHfK8tMbqyJR8A=,LXBkinlu/tCrUXKPn3/ZYrghPaQ=
27,22,qHBaEO20jr2WLKHfK8tMbqyJR8A=,LXBkinlu/tCrUXKPn3/ZYrghPaQ=
20,22,qHBaEO20jr2WLKHfK8tMbqyJR8A=,uLRNlusrmKuJL3sM7A1EUyDNag8=
21,22,qHBaEO20jr2WLKHfK8tMbqyJR8A=,uLRNlusrmKuJL3sM7A1EUyDNag8=
22,22,qHBaEO20jr2WLKHfK8tMbqyJR8A=,uLRNlusrmKuJL3sM7A1EUyDNag8=
20,20,qHBaEO20jr2WLKHfK8tMbqyJR8A=,uLRNlusrmKuJL3sM7A1EUyDNag8=
22,21,qHBaEO20jr2WLKHfK8tMbqyJR8A=,uLRNlusrmKuJL3sM7A1EUyDNag8=
21,21,qHBaEO20jr2WLKHfK8tMbqyJR8A=,uLRNlusrmKuJL3sM7A1EUyDNag8=
20,21,qHBaEO20jr2WLKHfK8tMbqyJR8A=,uLRNlusrmKuJL3sM7A1EUyDNag8=
23,20,qHBaEO20jr2WLKHfK8tMbqyJR8A=,uLRNlusrmKuJL3sM7A1EUyDNag8=
27,25,qHBaEO20jr2WLKHfK8tMbqyJR8A=,pac8hrcAxtHFUBCBjZq0h+XWpY0=
21,20,qHBaEO20jr2WLKHfK8tMbqyJR8A=,uLRNlusrmKuJL3sM7A1EUyDNag8=
20,27,qHBaEO20jr2WLKHfK8tMbqyJR8A=,3a+5dFG+KlE/bvuDgd1n7q7Sv2o=
27,27,qHBaEO20jr2WLKHfK8tMbqyJR8A=,pac8hrcAxtHFUBCBjZq0h+XWpY0=
21,27,qHBaEO20jr2WLKHfK8tMbqyJR8A=,3a+5dFG+KlE/bvuDgd1n7q7Sv2o=
22,20,qHBaEO20jr2WLKHfK8tMbqyJR8A=,uLRNlusrmKuJL3sM7A1EUyDNag8=
22,27,qHBaEO20jr2WLKHfK8tMbqyJR8A=,3a+5dFG+KlE/bvuDgd1n7q7Sv2o=
25,26,qHBaEO20jr2WLKHfK8tMbqyJR8A=,pac8hrcAxtHFUBCBjZq0h+XWpY0=
26,26,qHBaEO20jr2WLKHfK8tMbqyJR8A=,pac8hrcAxtHFUBCBjZq0h+XWpY0=
23,27,qHBaEO20jr2WLKHfK8tMbqyJR8A=,3a+5dFG+KlE/bvuDgd1n7q7Sv2o=
26,27,qHBaEO20jr2WLKHfK8tMbqyJR8A=,pac8hrcAxtHFUBCBjZq0h+XWpY0=
20,24,qHBaEO20jr2WLKHfK8tMbqyJR8A=,3a+5dFG+KlE/bvuDgd1n7q7Sv2o=
23,26,qHBaEO20jr2WLKHfK8tMbqyJR8A=,3a+5dFG+KlE/bvuDgd1n7q7Sv2o=
21,24,qHBaEO20jr2WLKHfK8tMbqyJR8A=,3a+5dFG+KlE/bvuDgd1n7q7Sv2o=
22,26,qHBaEO20jr2WLKHfK8tMbqyJR8A=,3a+5dFG+KlE/bvuDgd1n7q7Sv2o=
22,24,qHBaEO20jr2WLKHfK8tMbqyJR8A=,3a+5dFG+KlE/bvuDgd1n7q7Sv2o=
23,24,qHBaEO20jr2WLKHfK8tMbqyJR8A=,3a+5dFG+KlE/bvuDgd1n7q7Sv2o=
20,25,qHBaEO20jr2WLKHfK8tMbqyJR8A=,3a+5dFG+KlE/bvuDgd1n7q7Sv2o=
21,26,qHBaEO20jr2WLKHfK8tMbqyJR8A=,3a+5dFG+KlE/bvuDgd1n7q7Sv2o=
21,25,qHBaEO20jr2WLKHfK8tMbqyJR8A=,3a+5dFG+KlE/bvuDgd1n7q7Sv2o=
22,25,qHBaEO20jr2WLKHfK8tMbqyJR8A=,3a+5dFG+KlE/bvuDgd1n7q7Sv2o=
23,25,qHBaEO20jr2WLKHfK8tMbqyJR8A=,3a+5dFG+KlE/bvuDgd1n7q7Sv2o=
20,26,qHBaEO20jr2WLKHfK8tMbqyJR8A=,3a+5dFG+KlE/bvuDgd1n7q7Sv2o=
16,22,qHBaEO20jr2WLKHfK8tMbqyJR8A=,uLRNlusrmKuJL3sM7A1EUyDNag8=
16,20,qHBaEO20jr2WLKHfK8tMbqyJR8A=,uLRNlusrmKuJL3sM7A1EUyDNag8=
17,24,qHBaEO20jr2WLKHfK8tMbqyJR8A=,3a+5dFG+KlE/bvuDgd1n7q7Sv2o=
16,27,qHBaEO20jr2WLKHfK8tMbqyJR8A=,3a+5dFG+KlE/bvuDgd1n7q7Sv2o=
16,24,qHBaEO20jr2WLKHfK8tMbqyJR8A=,3a+5dFG+KlE/bvuDgd1n7q7Sv2o=
16,23,qHBaEO20jr2WLKHfK8tMbqyJR8A=,uLRNlusrmKuJL3sM7A1EUyDNag8=
16,26,qHBaEO20jr2WLKHfK8tMbqyJR8A=,3a+5dFG+KlE/bvuDgd1n7q7Sv2o=
18,24,qHBaEO20jr2WLKHfK8tMbqyJR8A=,3a+5dFG+KlE/bvuDgd1n7q7Sv2o=
19,24,qHBaEO20jr2WLKHfK8tMbqyJR8A=,3a+5dFG+KlE/bvuDgd1n7q7Sv2o=
16,21,qHBaEO20jr2WLKHfK8tMbqyJR8A=,uLRNlusrmKuJL3sM7A1EUyDNag8=
16,25,qHBaEO20jr2WLKHfK8tMbqyJR8A=,3a+5dFG+KlE/bvuDgd1n7q7Sv2o=
17,25,qHBaEO20jr2WLKHfK8tMbqyJR8A=,3a+5dFG+KlE/bvuDgd1n7q7Sv2o=
17,21,qHBaEO20jr2WLKHfK8tMbqyJR8A=,uLRNlusrmKuJL3sM7A1EUyDNag8=
18,27,qHBaEO20jr2WLKHfK8tMbqyJR8A=,3a+5dFG+KlE/bvuDgd1n7q7Sv2o=
18,21,qHBaEO20jr2WLKHfK8tMbqyJR8A=,uLRNlusrmKuJL3sM7A1EUyDNag8=
18,25,qHBaEO20jr2WLKHfK8tMbqyJR8A=,3a+5dFG+KlE/bvuDgd1n7q7Sv2o=
19,23,qHBaEO20jr2WLKHfK8tMbqyJR8A=,uLRNlusrmKuJL3sM7A1EUyDNag8=
18,26,qHBaEO20jr2WLKHfK8tMbqyJR8A=,3a+5dFG+KlE/bvuDgd1n7q7Sv2o=
17,26,qHBaEO20jr2WLKHfK8tMbqyJR8A=,3a+5dFG+KlE/bvuDgd1n7q7Sv2o=
19,27,qHBaEO20jr2WLKHfK8tMbqyJR8A=,3a+5dFG+KlE/bvuDgd1n7q7Sv2o=
18,23,qHBaEO20jr2WLKHfK8tMbqyJR8A=,uLRNlusrmKuJL3sM7A1EUyDNag8=
19,21,qHBaEO20jr2WLKHfK8tMbqyJR8A=,uLRNlusrmKuJL3sM7A1EUyDNag8=
19,26,qHBaEO20jr2WLKHfK8tMbqyJR8A=,3a+5dFG+KlE/bvuDgd1n7q7Sv2o=
17,22,qHBaEO20jr2WLKHfK8tMbqyJR8A=,uLRNlusrmKuJL3sM7A1EUyDNag8=
17,27,qHBaEO20jr2WLKHfK8tMbqyJR8A=,3a+5dFG+KlE/bvuDgd1n7q7Sv2o=
17,23,qHBaEO20jr2WLKHfK8tMbqyJR8A=,uLRNlusrmKuJL3sM7A1EUyDNag8=
19,22,qHBaEO20jr2WLKHfK8tMbqyJR8A=,uLRNlusrmKuJL3sM7A1EUyDNag8=
19,20,qHBaEO20jr2WLKHfK8tMbqyJR8A=,uLRNlusrmKuJL3sM7A1EUyDNag8=
18,20,qHBaEO20jr2WLKHfK8tMbqyJR8A=,uLRNlusrmKuJL3sM7A1EUyDNag8=
17,20,qHBaEO20jr2WLKHfK8tMbqyJR8A=,uLRNlusrmKuJL3sM7A1EUyDNag8=
19,25,qHBaEO20jr2WLKHfK8tMbqyJR8A=,3a+5dFG+KlE/bvuDgd1n7q7Sv2o=
30,30,qHBaEO20jr2WLKHfK8tMbqyJR8A=,pac8hrcAxtHFUBCBjZq0h+XWpY0=
31,31,qHBaEO20jr2WLKHfK8tMbqyJR8A=,pac8hrcAxtHFUBCBjZq0h+XWpY0=
29,30,qHBaEO20jr2WLKHfK8tMbqyJR8A=,pac8hrcAxtHFUBCBjZq0h+XWpY0=
28,30,qHBaEO20jr2WLKHfK8tMbqyJR8A=,pac8hrcAxtHFUBCBjZq0h+XWpY0=
29,28,qHBaEO20jr2WLKHfK8tMbqyJR8A=,pac8hrcAxtHFUBCBjZq0h+XWpY0=
28,28,qHBaEO20jr2WLKHfK8tMbqyJR8A=,pac8hrcAxtHFUBCBjZq0h+XWpY0=
30,28,qHBaEO20jr2WLKHfK8tMbqyJR8A=,pac8hrcAxtHFUBCBjZq0h+XWpY0=
30,29,qHBaEO20jr2WLKHfK8tMbqyJR8A=,pac8hrcAxtHFUBCBjZq0h+XWpY0=
28,29,qHBaEO20jr2WLKHfK8tMbqyJR8A=,pac8hrcAxtHFUBCBjZq0h+XWpY0=
29,29,qHBaEO20jr2WLKHfK8tMbqyJR8A=,pac8hrcAxtHFUBCBjZq0h+XWpY0=
28,31,qHBaEO20jr2WLKHfK8tMbqyJR8A=,pac8hrcAxtHFUBCBjZq0h+XWpY0=
31,28,qHBaEO20jr2WLKHfK8tMbqyJR8A=,pac8hrcAxtHFUBCBjZq0h+XWpY0=
31,29,qHBaEO20jr2WLKHfK8tMbqyJR8A=,pac8hrcAxtHFUBCBjZq0h+XWpY0=
31,30,qHBaEO20jr2WLKHfK8tMbqyJR8A=,pac8hrcAxtHFUBCBjZq0h+XWpY0=
29,31,qHBaEO20jr2WLKHfK8tMbqyJR8A=,pac8hrcAxtHFUBCBjZq0h+XWpY0=
30,31,qHBaEO20jr2WLKHfK8tMbqyJR8A=,pac8hrcAxtHFUBCBjZq0h+XWpY0=
26,28,StCc5USajVSD5eyb3la2GQJOqiw=,pac8hrcAxtHFUBCBjZq0h+XWpY0=
25,28,StCc5USajVSD5eyb3la2GQJOqiw=,pac8hrcAxtHFUBCBjZq0h+XWpY0=
24,31,StCc5USajVSD5eyb3la2GQJOqiw=,pac8hrcAxtHFUBCBjZq0h+XWpY0=
27,28,StCc5USajVSD5eyb3la2GQJOqiw=,pac8hrcAxtHFUBCBjZq0h+XWpY0=
23,31,StCc5USajVSD5eyb3la2GQJOqiw=,3a+5dFG+KlE/bvuDgd1n7q7Sv2o=
27,30,StCc5USajVSD5eyb3la2GQJOqiw=,pac8hrcAxtHFUBCBjZq0h+XWpY0=
26,30,StCc5USajVSD5eyb3la2GQJOqiw=,pac8hrcAxtHFUBCBjZq0h+XWpY0=
22,31,StCc5USajVSD5eyb3la2GQJOqiw=,3a+5dFG+KlE/bvuDgd1n7q7Sv2o=
25,30,StCc5USajVSD5eyb3la2GQJOqiw=,pac8hrcAxtHFUBCBjZq0h+XWpY0=
26,29,StCc5USajVSD5eyb3la2GQJOqiw=,pac8hrcAxtHFUBCBjZq0h+XWpY0=
21,31,StCc5USajVSD5eyb3la2GQJOqiw=,3a+5dFG+KlE/bvuDgd1n7q7Sv2o=
20,28,StCc5USajVSD5eyb3la2GQJOqiw=,3a+5dFG+KlE/bvuDgd1n7q7Sv2o=
20,31,StCc5USajVSD5eyb3la2GQJOqiw=,3a+5dFG+KlE/bvuDgd1n7q7Sv2o=
21,28,StCc5USajVSD5eyb3la2GQJOqiw=,3a+5dFG+KlE/bvuDgd1n7q7Sv2o=
25,29,StCc5USajVSD5eyb3la2GQJOqiw=,pac8hrcAxtHFUBCBjZq0h+XWpY0=
27,29,StCc5USajVSD5eyb3la2GQJOqiw=,pac8hrcAxtHFUBCBjZq0h+XWpY0=
27,31,StCc5USajVSD5eyb3la2GQJOqiw=,pac8hrcAxtHFUBCBjZq0h+XWpY0=
20,29,StCc5USajVSD5eyb3la2GQJOqiw=,3a+5dFG+KlE/bvuDgd1n7q7Sv2o=
23,28,StCc5USajVSD5eyb3la2GQJOqiw=,3a+5dFG+KlE/bvuDgd1n7q7Sv2o=
21,29,StCc5USajVSD5eyb3la2GQJOqiw=,3a+5dFG+KlE/bvuDgd1n7q7Sv2o=
22,29,StCc5USajVSD5eyb3la2GQJOqiw=,3a+5dFG+KlE/bvuDgd1n7q7Sv2o=
26,31,StCc5USajVSD5eyb3la2GQJOqiw=,pac8hrcAxtHFUBCBjZq0h+XWpY0=
23,29,StCc5USajVSD5eyb3la2GQJOqiw=,3a+5dFG+KlE/bvuDgd1n7q7Sv2o=
20,30,StCc5USajVSD5eyb3la2GQJOqiw=,3a+5dFG+KlE/bvuDgd1n7q7Sv2o=
21,30,StCc5USajVSD5eyb3la2GQJOqiw=,3a+5dFG+KlE/bvuDgd1n7q7Sv2o=
22,30,StCc5USajVSD5eyb3la2GQJOqiw=,3a+5dFG+KlE/bvuDgd1n7q7Sv2o=
22,28,StCc5USajVSD5eyb3la2GQJOqiw=,3a+5dFG+KlE/bvuDgd1n7q7Sv2o=
23,30,StCc5USajVSD5eyb3la2GQJOqiw=,3a+5dFG+KlE/bvuDgd1n7q7Sv2o=
24,28,StCc5USajVSD5eyb3la2GQJOqiw=,pac8hrcAxtHFUBCBjZq0h+XWpY0=
24,30,StCc5USajVSD5eyb3la2GQJOqiw=,pac8hrcAxtHFUBCBjZq0h+XWpY0=
25,31,StCc5USajVSD5eyb3la2GQJOqiw=,pac8hrcAxtHFUBCBjZq0h+XWpY0=
24,29,StCc5USajVSD5eyb3la2GQJOqiw=,pac8hrcAxtHFUBCBjZq0h+XWpY0=
19,28,StCc5USajVSD5eyb3la2GQJOqiw=,3a+5dFG+KlE/bvuDgd1n7q7Sv2o=
16,31,StCc5USajVSD5eyb3la2GQJOqiw=,3a+5dFG+KlE/bvuDgd1n7q7Sv2o=
17,28,StCc5USajVSD5eyb3la2GQJOqiw=,3a+5dFG+KlE/bvuDgd1n7q7Sv2o=
18,28,StCc5USajVSD5eyb3la2GQJOqiw=,3a+5dFG+KlE/bvuDgd1n7q7Sv2o=
19,31,StCc5USajVSD5eyb3la2GQJOqiw=,3a+5dFG+KlE/bvuDgd1n7q7Sv2o=
18,29,StCc5USajVSD5eyb3la2GQJOqiw=,3a+5dFG+KlE/bvuDgd1n7q7Sv2o=
17,29,StCc5USajVSD5eyb3la2GQJOqiw=,3a+5dFG+KlE/bvuDgd1n7q7Sv2o=
19,29,StCc5USajVSD5eyb3la2GQJOqiw=,3a+5dFG+KlE/bvuDgd1n7q7Sv2o=
18,31,StCc5USajVSD5eyb3la2GQJOqiw=,3a+5dFG+KlE/bvuDgd1n7q7Sv2o=
17,30,StCc5USajVSD5eyb3la2GQJOqiw=,3a+5dFG+KlE/bvuDgd1n7q7Sv2o=
18,30,StCc5USajVSD5eyb3la2GQJOqiw=,3a+5dFG+KlE/bvuDgd1n7q7Sv2o=
19,30,StCc5USajVSD5eyb3la2GQJOqiw=,3a+5dFG+KlE/bvuDgd1n7q7Sv2o=
17,31,StCc5USajVSD5eyb3la2GQJOqiw=,3a+5dFG+KlE/bvuDgd1n7q7Sv2o=
16,29,StCc5USajVSD5eyb3la2GQJOqiw=,3a+5dFG+KlE/bvuDgd1n7q7Sv2o=
16,30,StCc5USajVSD5eyb3la2GQJOqiw=,3a+5dFG+KlE/bvuDgd1n7q7Sv2o=
16,28,StCc5USajVSD5eyb3la2GQJOqiw=,3a+5dFG+KlE/bvuDgd1n7q7Sv2o=
19,16,StCc5USajVSD5eyb3la2GQJOqiw=,uLRNlusrmKuJL3sM7A1EUyDNag8=
22,16,StCc5USajVSD5eyb3la2GQJOqiw=,uLRNlusrmKuJL3sM7A1EUyDNag8=
20,16,StCc5USajVSD5eyb3la2GQJOqiw=,uLRNlusrmKuJL3sM7A1EUyDNag8=
18,16,StCc5USajVSD5eyb3la2GQJOqiw=,uLRNlusrmKuJL3sM7A1EUyDNag8=
21,16,StCc5USajVSD5eyb3la2GQJOqiw=,uLRNlusrmKuJL3sM7A1EUyDNag8=
19,17,StCc5USajVSD5eyb3la2GQJOqiw=,uLRNlusrmKuJL3sM7A1EUyDNag8=
18,17,StCc5USajVSD5eyb3la2GQJOqiw=,uLRNlusrmKuJL3sM7A1EUyDNag8=
19,18,StCc5USajVSD5eyb3la2GQJOqiw=,uLRNlusrmKuJL3sM7A1EUyDNag8=
23,16,StCc5USajVSD5eyb3la2GQJOqiw=,uLRNlusrmKuJL3sM7A1EUyDNag8=
17,17,StCc5USajVSD5eyb3la2GQJOqiw=,uLRNlusrmKuJL3sM7A1EUyDNag8=
21,19,StCc5USajVSD5eyb3la2GQJOqiw=,uLRNlusrmKuJL3sM7A1EUyDNag8=
20,17,StCc5USajVSD5eyb3la2GQJOqiw=,uLRNlusrmKuJL3sM7A1EUyDNag8=
22,19,StCc5USajVSD5eyb3la2GQJOqiw=,uLRNlusrmKuJL3sM7A1EUyDNag8=
19,19,StCc5USajVSD5eyb3la2GQJOqiw=,uLRNlusrmKuJL3sM7A1EUyDNag8=
17,19,StCc5USajVSD5eyb3la2GQJOqiw=,uLRNlusrmKuJL3sM7A1EUyDNag8=
18,19,StCc5USajVSD5eyb3la2GQJOqiw=,uLRNlusrmKuJL3sM7A1EUyDNag8=
18,18,StCc5USajVSD5eyb3la2GQJOqiw=,uLRNlusrmKuJL3sM7A1EUyDNag8=
20,19,StCc5USajVSD5eyb3la2GQJOqiw=,uLRNlusrmKuJL3sM7A1EUyDNag8=
17,18,StCc5USajVSD5eyb3la2GQJOqiw=,uLRNlusrmKuJL3sM7A1EUyDNag8=
22,18,StCc5USajVSD5eyb3la2GQJOqiw=,uLRNlusrmKuJL3sM7A1EUyDNag8=
21,18,StCc5USajVSD5eyb3la2GQJOqiw=,uLRNlusrmKuJL3sM7A1EUyDNag8=
20,18,StCc5USajVSD5eyb3la2GQJOqiw=,uLRNlusrmKuJL3sM7A1EUyDNag8=
22,17,StCc5USajVSD5eyb3la2GQJOqiw=,uLRNlusrmKuJL3sM7A1EUyDNag8=
24,17,StCc5USajVSD5eyb3la2GQJOqiw=,LXBkinlu/tCrUXKPn3/ZYrghPaQ=
21,17,StCc5USajVSD5eyb3la2GQJOqiw=,uLRNlusrmKuJL3sM7A1EUyDNag8=
25,17,StCc5USajVSD5eyb3la2GQJOqiw=,LXBkinlu/tCrUXKPn3/ZYrghPaQ=
23,18,StCc5USajVSD5eyb3la2GQJOqiw=,uLRNlusrmKuJL3sM7A1EUyDNag8=
27,17,StCc5USajVSD5eyb3la2GQJOqiw=,LXBkinlu/tCrUXKPn3/ZYrghPaQ=
23,19,StCc5USajVSD5eyb3la2GQJOqiw=,uLRNlusrmKuJL3sM7A1EUyDNag8=
27,19,StCc5USajVSD5eyb3la2GQJOqiw=,LXBkinlu/tCrUXKPn3/ZYrghPaQ=
24,19,StCc5USajVSD5eyb3la2GQJOqiw=,LXBkinlu/tCrUXKPn3/ZYrghPaQ=
25,19,StCc5USajVSD5eyb3la2GQJOqiw=,LXBkinlu/tCrUXKPn3/ZYrghPaQ=
26,17,StCc5USajVSD5eyb3la2GQJOqiw=,LXBkinlu/tCrUXKPn3/ZYrghPaQ=
27,18,StCc5USajVSD5eyb3la2GQJOqiw=,LXBkinlu/tCrUXKPn3/ZYrghPaQ=
25,18,StCc5USajVSD5eyb3la2GQJOqiw=,LXBkinlu/tCrUXKPn3/ZYrghPaQ=
26,18,StCc5USajVSD5eyb3la2GQJOqiw=,LXBkinlu/tCrUXKPn3/ZYrghPaQ=
24,18,StCc5USajVSD5eyb3la2GQJOqiw=,LXBkinlu/tCrUXKPn3/ZYrghPaQ=
25,16,StCc5USajVSD5eyb3la2GQJOqiw=,LXBkinlu/tCrUXKPn3/ZYrghPaQ=
16,17,StCc5USajVSD5eyb3la2GQJOqiw=,uLRNlusrmKuJL3sM7A1EUyDNag8=
16,19,StCc5USajVSD5eyb3la2GQJOqiw=,uLRNlusrmKuJL3sM7A1EUyDNag8=
26,16,StCc5USajVSD5eyb3la2GQJOqiw=,LXBkinlu/tCrUXKPn3/ZYrghPaQ=
27,16,StCc5USajVSD5eyb3la2GQJOqiw=,LXBkinlu/tCrUXKPn3/ZYrghPaQ=
16,18,StCc5USajVSD5eyb3la2GQJOqiw=,uLRNlusrmKuJL3sM7A1EUyDNag8=
16,16,StCc5USajVSD5eyb3la2GQJOqiw=,uLRNlusrmKuJL3sM7A1EUyDNag8=
17,16,StCc5USajVSD5eyb3la2GQJOqiw=,uLRNlusrmKuJL3sM7A1EUyDNag8=
24,16,StCc5USajVSD5eyb3la2GQJOqiw=,LXBkinlu/tCrUXKPn3/ZYrghPaQ=
23,17,StCc5USajVSD5eyb3la2GQJOqiw=,uLRNlusrmKuJL3sM7A1EUyDNag8=
26,19,StCc5USajVSD5eyb3la2GQJOqiw=,LXBkinlu/tCrUXKPn3/ZYrghPaQ=
30,19,StCc5USajVSD5eyb3la2GQJOqiw=,LXBkinlu/tCrUXKPn3/ZYrghPaQ=
31,17,StCc5USajVSD5eyb3la2GQJOqiw=,LXBkinlu/tCrUXKPn3/ZYrghPaQ=
29,17,StCc5USajVSD5eyb3la2GQJOqiw=,LXBkinlu/tCrUXKPn3/ZYrghPaQ=
31,16,StCc5USajVSD5eyb3la2GQJOqiw=,LXBkinlu/tCrUXKPn3/ZYrghPaQ=
28,17,StCc5USajVSD5eyb3la2GQJOqiw=,LXBkinlu/tCrUXKPn3/ZYrghPaQ=
30,16,StCc5USajVSD5eyb3la2GQJOqiw=,LXBkinlu/tCrUXKPn3/ZYrghPaQ=
29,16,StCc5USajVSD5eyb3la2GQJOqiw=,LXBkinlu/tCrUXKPn3/ZYrghPaQ=
28,16,StCc5USajVSD5eyb3la2GQJOqiw=,LXBkinlu/tCrUXKPn3/ZYrghPaQ=
29,1,ip/LANM97odWgj7AvOsNz1tOo3w=,QQOuDJzMGKrdcNBmpimKJ2qJVkY=
27,6,ip/LANM97odWgj7AvOsNz1tOo3w=,QQOuDJzMGKrdcNBmpimKJ2qJVkY=
30,1,ip/LANM97odWgj7AvOsNz1tOo3w=,QQOuDJzMGKrdcNBmpimKJ2qJVkY=
29,0,ip/LANM97odWgj7AvOsNz1tOo3w=,QQOuDJzMGKrdcNBmpimKJ2qJVkY=
30,0,ip/LANM97odWgj7AvOsNz1tOo3w=,QQOuDJzMGKrdcNBmpimKJ2qJVkY=
22,8,ip/LANM97odWgj7AvOsNz1tOo3w=,6MNAeHxqhMiqxnbtbNIgPoQ6I04=
16,4,ip/LANM97odWgj7AvOsNz1tOo3w=,u14lfShHH4DQRoChgEZYsozoJXw=
26,7,ip/LANM97odWgj7AvOsNz1tOo3w=,QQOuDJzMGKrdcNBmpimKJ2qJVkY=
27,7,ip/LANM97odWgj7AvOsNz1tOo3w=,QQOuDJzMGKrdcNBmpimKJ2qJVkY=
28,7,ip/LANM97odWgj7AvOsNz1tOo3w=,QQOuDJzMGKrdcNBmpimKJ2qJVkY=
29,7,ip/LANM97odWgj7AvOsNz1tOo3w=,QQOuDJzMGKrdcNBmpimKJ2qJVkY=
30,7,ip/LANM97odWgj7AvOsNz1tOo3w=,QQOuDJzMGKrdcNBmpimKJ2qJVkY=
31,9,ip/LANM97odWgj7AvOsNz1tOo3w=,S6xU4I2FoiPzHVLfKxfeDr/OSaE=
31,7,ip/LANM97odWgj7AvOsNz1tOo3w=,QQOuDJzMGKrdcNBmpimKJ2qJVkY=
31,8,ip/LANM97odWgj7AvOsNz1tOo3w=,S6xU4I2FoiPzHVLfKxfeDr/OSaE=
23,8,ip/LANM97odWgj7AvOsNz1tOo3w=,6MNAeHxqhMiqxnbtbNIgPoQ6I04=
25,8,ip/LANM97odWgj7AvOsNz1tOo3w=,S6xU4I2FoiPzHVLfKxfeDr/OSaE=
25,7,ip/LANM97odWgj7AvOsNz1tOo3w=,QQOuDJzMGKrdcNBmpimKJ2qJVkY=
24,8,ip/LANM97odWgj7AvOsNz1tOo3w=,S6xU4I2FoiPzHVLfKxfeDr/OSaE=
20,7,ip/LANM97odWgj7AvOsNz1tOo3w=,u14lfShHH4DQRoChgEZYsozoJXw=
28,6,ip/LANM97odWgj7AvOsNz1tOo3w=,QQOuDJzMGKrdcNBmpimKJ2qJVkY=
24,7,ip/LANM97odWgj7AvOsNz1tOo3w=,QQOuDJzMGKrdcNBmpimKJ2qJVkY=
23,7,ip/LANM97odWgj7AvOsNz1tOo3w=,u14lfShHH4DQRoChgEZYsozoJXw=
26,8,ip/LANM97odWgj7AvOsNz1tOo3w=,S6xU4I2FoiPzHVLfKxfeDr/OSaE=
27,8,ip/LANM97odWgj7AvOsNz1tOo3w=,S6xU4I2FoiPzHVLfKxfeDr/OSaE=
20,9,ip/LANM97odWgj7AvOsNz1tOo3w=,6MNAeHxqhMiqxnbtbNIgPoQ6I04=
22,9,ip/LANM97odWgj7AvOsNz1tOo3w=,6MNAeHxqhMiqxnbtbNIgPoQ6I04=
21,9,ip/LANM97odWgj7AvOsNz1tOo3w=,6MNAeHxqhMiqxnbtbNIgPoQ6I04=
24,6,ip/LANM97odWgj7AvOsNz1tOo3w=,QQOuDJzMGKrdcNBmpimKJ2qJVkY=
20,8,ip/LANM97odWgj7AvOsNz1tOo3w=,6MNAeHxqhMiqxnbtbNIgPoQ6I04=
20,10,ip/LANM97odWgj7AvOsNz1tOo3w=,6MNAeHxqhMiqxnbtbNIgPoQ6I04=
21,10,ip/LANM97odWgj7AvOsNz1tOo3w=,6MNAeHxqhMiqxnbtbNIgPoQ6I04=
22,10,ip/LANM97odWgj7AvOsNz1tOo3w=,6MNAeHxqhMiqxnbtbNIgPoQ6I04=
24,5,ip/LANM97odWgj7AvOsNz1tOo3w=,QQOuDJzMGKrdcNBmpimKJ2qJVkY=
21,7,ip/LANM97odWgj7AvOsNz1tOo3w=,u14lfShHH4DQRoChgEZYsozoJXw=
29,6,ip/LANM97odWgj7AvOsNz1tOo3w=,QQOuDJzMGKrdcNBmpimKJ2qJVkY=
28,14,ip/LANM97odWgj7AvOsNz1tOo3w=,S6xU4I2FoiPzHVLfKxfeDr/OSaE=
24,4,ip/LANM97odWgj7AvOsNz1tOo3w=,QQOuDJzMGKrdcNBmpimKJ2qJVkY=
22,7,ip/LANM97odWgj7AvOsNz1tOo3w=,u14lfShHH4DQRoChgEZYsozoJXw=
31,15,ip/LANM97odWgj7AvOsNz1tOo3w=,S6xU4I2FoiPzHVLfKxfeDr/OSaE=
21,8,ip/LANM97odWgj7AvOsNz1tOo3w=,6MNAeHxqhMiqxnbtbNIgPoQ6I04=
29,14,ip/LANM97odWgj7AvOsNz1tOo3w=,S6xU4I2FoiPzHVLfKxfeDr/OSaE=
21,6,ip/LANM97odWgj7AvOsNz1tOo3w=,u14lfShHH4DQRoChgEZYsozoJXw=
28,12,ip/LANM97odWgj7AvOsNz1tOo3w=,S6xU4I2FoiPzHVLfKxfeDr/OSaE=
30,14,ip/LANM97odWgj7AvOsNz1tOo3w=,S6xU4I2FoiPzHVLfKxfeDr/OSaE=
20,6,ip/LANM97odWgj7AvOsNz1tOo3w=,u14lfShHH4DQRoChgEZYsozoJXw=
30,12,ip/LANM97odWgj7AvOsNz1tOo3w=,S6xU4I2FoiPzHVLfKxfeDr/OSaE=
28,8,ip/LANM97odWgj7AvOsNz1tOo3w=,S6xU4I2FoiPzHVLfKxfeDr/OSaE=
25,4,ip/LANM97odWgj7AvOsNz1tOo3w=,QQOuDJzMGKrdcNBmpimKJ2qJVkY=
21,5,ip/LANM97odWgj7AvOsNz1tOo3w=,u14lfShHH4DQRoChgEZYsozoJXw=
29,12,ip/LANM97odWgj7AvOsNz1tOo3w=,S6xU4I2FoiPzHVLfKxfeDr/OSaE=
29,8,ip/LANM97odWgj7AvOsNz1tOo3w=,S6xU4I2FoiPzHVLfKxfeDr/OSaE=
30,8,ip/LANM97odWgj7AvOsNz1tOo3w=,S6xU4I2FoiPzHVLfKxfeDr/OSaE=
23,5,ip/LANM97odWgj7AvOsNz1tOo3w=,u14lfShHH4DQRoChgEZYsozoJXw=
26,4,ip/LANM97odWgj7AvOsNz1tOo3w=,QQOuDJzMGKrdcNBmpimKJ2qJVkY=
28,15,ip/LANM97odWgj7AvOsNz1tOo3w=,S6xU4I2FoiPzHVLfKxfeDr/OSaE=
24,9,ip/LANM97odWgj7AvOsNz1tOo3w=,S6xU4I2FoiPzHVLfKxfeDr/OSaE=
25,9,ip/LANM97odWgj7AvOsNz1tOo3w=,S6xU4I2FoiPzHVLfKxfeDr/OSaE=
21,4,ip/LANM97odWgj7AvOsNz1tOo3w=,u14lfShHH4DQRoChgEZYsozoJXw=
29,15,ip/LANM97odWgj7AvOsNz1tOo3w=,S6xU4I2FoiPzHVLfKxfeDr/OSaE=
27,4,ip/LANM97odWgj7AvOsNz1tOo3w=,QQOuDJzMGKrdcNBmpimKJ2qJVkY=
26,9,ip/LANM97odWgj7AvOsNz1tOo3w=,S6xU4I2FoiPzHVLfKxfeDr/OSaE=
22,5,ip/LANM97odWgj7AvOsNz1tOo3w=,u14lfShHH4DQRoChgEZYsozoJXw=
28,4,ip/LANM97odWgj7AvOsNz1tOo3w=,QQOuDJzMGKrdcNBmpimKJ2qJVkY=
27,9,ip/LANM97odWgj7AvOsNz1tOo3w=,S6xU4I2FoiPzHVLfKxfeDr/OSaE=
29,4,yVoqjOB4ijyYZPUWgutDHfEf8bI=,QQOuDJzMGKrdcNBmpimKJ2qJVkY=
30,15,yVoqjOB4ijyYZPUWgutDHfEf8bI=,S6xU4I2FoiPzHVLfKxfeDr/OSaE=
31,11,yVoqjOB4ijyYZPUWgutDHfEf8bI=,S6xU4I2FoiPzHVLfKxfeDr/OSaE=
20,4,yVoqjOB4ijyYZPUWgutDHfEf8bI=,u14lfShHH4DQRoChgEZYsozoJXw=
31,10,yVoqjOB4ijyYZPUWgutDHfEf8bI=,S6xU4I2FoiPzHVLfKxfeDr/OSaE=
23,11,yVoqjOB4ijyYZPUWgutDHfEf8bI=,6MNAeHxqhMiqxnbtbNIgPoQ6I04=
31,12,yVoqjOB4ijyYZPUWgutDHfEf8bI=,S6xU4I2FoiPzHVLfKxfeDr/OSaE=
20,5,yVoqjOB4ijyYZPUWgutDHfEf8bI=,u14lfShHH4DQRoChgEZYsozoJXw=
23,10,yVoqjOB4ijyYZPUWgutDHfEf8bI=,6MNAeHxqhMiqxnbtbNIgPoQ6I04=
30,4,yVoqjOB4ijyYZPUWgutDHfEf8bI=,QQOuDJzMGKrdcNBmpimKJ2qJVkY=
31,13,yVoqjOB4ijyYZPUWgutDHfEf8bI=,S6xU4I2FoiPzHVLfKxfeDr/OSaE=
23,6,yVoqjOB4ijyYZPUWgutDHfEf8bI=,u14lfShHH4DQRoChgEZYsozoJXw=
30,11,yVoqjOB4ijyYZPUWgutDHfEf8bI=,S6xU4I2FoiPzHVLfKxfeDr/OSaE=
31,14,yVoqjOB4ijyYZPUWgutDHfEf8bI=,S6xU4I2FoiPzHVLfKxfeDr/OSaE=
31,4,yVoqjOB4ijyYZPUWgutDHfEf8bI=,QQOuDJzMGKrdcNBmpimKJ2qJVkY=
22,6,yVoqjOB4ijyYZPUWgutDHfEf8bI=,u14lfShHH4DQRoChgEZYsozoJXw=
29,13,yVoqjOB4ijyYZPUWgutDHfEf8bI=,S6xU4I2FoiPzHVLfKxfeDr/OSaE=
29,11,yVoqjOB4ijyYZPUWgutDHfEf8bI=,S6xU4I2FoiPzHVLfKxfeDr/OSaE=
28,13,yVoqjOB4ijyYZPUWgutDHfEf8bI=,S6xU4I2FoiPzHVLfKxfeDr/OSaE=
25,5,yVoqjOB4ijyYZPUWgutDHfEf8bI=,QQOuDJzMGKrdcNBmpimKJ2qJVkY=
23,4,yVoqjOB4ijyYZPUWgutDHfEf8bI=,u14lfShHH4DQRoChgEZYsozoJXw=
28,11,yVoqjOB4ijyYZPUWgutDHfEf8bI=,S6xU4I2FoiPzHVLfKxfeDr/OSaE=
26,5,yVoqjOB4ijyYZPUWgutDHfEf8bI=,QQOuDJzMGKrdcNBmpimKJ2qJVkY=
27,11,yVoqjOB4ijyYZPUWgutDHfEf8bI=,S6xU4I2FoiPzHVLfKxfeDr/OSaE=
27,5,yVoqjOB4ijyYZPUWgutDHfEf8bI=,QQOuDJzMGKrdcNBmpimKJ2qJVkY=
26,11,9lURpm3l4juUoV4BIEqERIGbwXs=,S6xU4I2FoiPzHVLfKxfeDr/OSaE=
22,4,9lURpm3l4juUoV4BIEqERIGbwXs=,u14lfShHH4DQRoChgEZYsozoJXw=
28,5,9lURpm3l4juUoV4BIEqERIGbwXs=,QQOuDJzMGKrdcNBmpimKJ2qJVkY=
25,11,9lURpm3l4juUoV4BIEqERIGbwXs=,S6xU4I2FoiPzHVLfKxfeDr/OSaE=
29,5,9lURpm3l4juUoV4BIEqERIGbwXs=,QQOuDJzMGKrdcNBmpimKJ2qJVkY=
24,11,9lURpm3l4juUoV4BIEqERIGbwXs=,S6xU4I2FoiPzHVLfKxfeDr/OSaE=
30,5,9lURpm3l4juUoV4BIEqERIGbwXs=,QQOuDJzMGKrdcNBmpimKJ2qJVkY=
30,10,9lURpm3l4juUoV4BIEqERIGbwXs=,S6xU4I2FoiPzHVLfKxfeDr/OSaE=
29,10,ctWEmwA0Odo5JOKlWQbOuY/t9Gw=,S6xU4I2FoiPzHVLfKxfeDr/OSaE=
31,5,ctWEmwA0Odo5JOKlWQbOuY/t9Gw=,QQOuDJzMGKrdcNBmpimKJ2qJVkY=
25,6,ctWEmwA0Odo5JOKlWQbOuY/t9Gw=,QQOuDJzMGKrdcNBmpimKJ2qJVkY=
26,6,ctWEmwA0Odo5JOKlWQbOuY/t9Gw=,QQOuDJzMGKrdcNBmpimKJ2qJVkY=
28,10,ctWEmwA0Odo5JOKlWQbOuY/t9Gw=,S6xU4I2FoiPzHVLfKxfeDr/OSaE=
31,6,ctWEmwA0Odo5JOKlWQbOuY/t9Gw=,QQOuDJzMGKrdcNBmpimKJ2qJVkY=
27,10,ctWEmwA0Odo5JOKlWQbOuY/t9Gw=,S6xU4I2FoiPzHVLfKxfeDr/OSaE=
26,10,ctWEmwA0Odo5JOKlWQbOuY/t9Gw=,S6xU4I2FoiPzHVLfKxfeDr/OSaE=
25,10,ctWEmwA0Odo5JOKlWQbOuY/t9Gw=,S6xU4I2FoiPzHVLfKxfeDr/OSaE=
23,9,ctWEmwA0Odo5JOKlWQbOuY/t9Gw=,6MNAeHxqhMiqxnbtbNIgPoQ6I04=
30,6,ctWEmwA0Odo5JOKlWQbOuY/t9Gw=,QQOuDJzMGKrdcNBmpimKJ2qJVkY=
24,10,ctWEmwA0Odo5JOKlWQbOuY/t9Gw=,S6xU4I2FoiPzHVLfKxfeDr/OSaE=
20,11,ctWEmwA0Odo5JOKlWQbOuY/t9Gw=,6MNAeHxqhMiqxnbtbNIgPoQ6I04=
31,0,ctWEmwA0Odo5JOKlWQbOuY/t9Gw=,QQOuDJzMGKrdcNBmpimKJ2qJVkY=
22,15,ctWEmwA0Odo5JOKlWQbOuY/t9Gw=,6MNAeHxqhMiqxnbtbNIgPoQ6I04=
28,0,ctWEmwA0Odo5JOKlWQbOuY/t9Gw=,QQOuDJzMGKrdcNBmpimKJ2qJVkY=
24,15,ctWEmwA0Odo5JOKlWQbOuY/t9Gw=,S6xU4I2FoiPzHVLfKxfeDr/OSaE=
21,15,ctWEmwA0Odo5JOKlWQbOuY/t9Gw=,6MNAeHxqhMiqxnbtbNIgPoQ6I04=
31,1,ctWEmwA0Odo5JOKlWQbOuY/t9Gw=,QQOuDJzMGKrdcNBmpimKJ2qJVkY=
28,2,ctWEmwA0Odo5JOKlWQbOuY/t9Gw=,QQOuDJzMGKrdcNBmpimKJ2qJVkY=
30,9,ctWEmwA0Odo5JOKlWQbOuY/t9Gw=,S6xU4I2FoiPzHVLfKxfeDr/OSaE=
20,15,ctWEmwA0Odo5JOKlWQbOuY/t9Gw=,6MNAeHxqhMiqxnbtbNIgPoQ6I04=
29,2,ctWEmwA0Odo5JOKlWQbOuY/t9Gw=,QQOuDJzMGKrdcNBmpimKJ2qJVkY=
30,2,ctWEmwA0Odo5JOKlWQbOuY/t9Gw=,QQOuDJzMGKrdcNBmpimKJ2qJVkY=
25,14,ctWEmwA0Odo5JOKlWQbOuY/t9Gw=,S6xU4I2FoiPzHVLfKxfeDr/OSaE=
29,9,ctWEmwA0Odo5JOKlWQbOuY/t9Gw=,S6xU4I2FoiPzHVLfKxfeDr/OSaE=
31,2,ctWEmwA0Odo5JOKlWQbOuY/t9Gw=,QQOuDJzMGKrdcNBmpimKJ2qJVkY=
26,14,ctWEmwA0Odo5JOKlWQbOuY/t9Gw=,S6xU4I2FoiPzHVLfKxfeDr/OSaE=
28,3,ctWEmwA0Odo5JOKlWQbOuY/t9Gw=,QQOuDJzMGKrdcNBmpimKJ2qJVkY=
27,14,ctWEmwA0Odo5JOKlWQbOuY/t9Gw=,S6xU4I2FoiPzHVLfKxfeDr/OSaE=
28,9,ctWEmwA0Odo5JOKlWQbOuY/t9Gw=,S6xU4I2FoiPzHVLfKxfeDr/OSaE=
29,3,ctWEmwA0Odo5JOKlWQbOuY/t9Gw=,QQOuDJzMGKrdcNBmpimKJ2qJVkY=
22,11,ctWEmwA0Odo5JOKlWQbOuY/t9Gw=,6MNAeHxqhMiqxnbtbNIgPoQ6I04=
25,15,ctWEmwA0Odo5JOKlWQbOuY/t9Gw=,S6xU4I2FoiPzHVLfKxfeDr/OSaE=
30,3,ctWEmwA0Odo5JOKlWQbOuY/t9Gw=,QQOuDJzMGKrdcNBmpimKJ2qJVkY=
21,11,ctWEmwA0Odo5JOKlWQbOuY/t9Gw=,6MNAeHxqhMiqxnbtbNIgPoQ6I04=
31,3,ctWEmwA0Odo5JOKlWQbOuY/t9Gw=,QQOuDJzMGKrdcNBmpimKJ2qJVkY=
26,15,ctWEmwA0Odo5JOKlWQbOuY/t9Gw=,S6xU4I2FoiPzHVLfKxfeDr/OSaE=
28,1,ctWEmwA0Odo5JOKlWQbOuY/t9Gw=,QQOuDJzMGKrdcNBmpimKJ2qJVkY=
24,14,ctWEmwA0Odo5JOKlWQbOuY/t9Gw=,S6xU4I2FoiPzHVLfKxfeDr/OSaE=
27,15,ctWEmwA0Odo5JOKlWQbOuY/t9Gw=,S6xU4I2FoiPzHVLfKxfeDr/OSaE=
23,14,ctWEmwA0Odo5JOKlWQbOuY/t9Gw=,6MNAeHxqhMiqxnbtbNIgPoQ6I04=
23,15,ctWEmwA0Odo5JOKlWQbOuY/t9Gw=,6MNAeHxqhMiqxnbtbNIgPoQ6I04=
27,13,ctWEmwA0Odo5JOKlWQbOuY/t9Gw=,S6xU4I2FoiPzHVLfKxfeDr/OSaE=
23,13,ctWEmwA0Odo5JOKlWQbOuY/t9Gw=,6MNAeHxqhMiqxnbtbNIgPoQ6I04=
30,13,ctWEmwA0Odo5JOKlWQbOuY/t9Gw=,S6xU4I2FoiPzHVLfKxfeDr/OSaE=
26,13,ctWEmwA0Odo5JOKlWQbOuY/t9Gw=,S6xU4I2FoiPzHVLfKxfeDr/OSaE=
23,12,ctWEmwA0Odo5JOKlWQbOuY/t9Gw=,6MNAeHxqhMiqxnbtbNIgPoQ6I04=
25,13,ctWEmwA0Odo5JOKlWQbOuY/t9Gw=,S6xU4I2FoiPzHVLfKxfeDr/OSaE=
24,13,ctWEmwA0Odo5JOKlWQbOuY/t9Gw=,S6xU4I2FoiPzHVLfKxfeDr/OSaE=
27,12,ctWEmwA0Odo5JOKlWQbOuY/t9Gw=,S6xU4I2FoiPzHVLfKxfeDr/OSaE=
16,5,ctWEmwA0Odo5JOKlWQbOuY/t9Gw=,u14lfShHH4DQRoChgEZYsozoJXw=
26,12,ctWEmwA0Odo5JOKlWQbOuY/t9Gw=,S6xU4I2FoiPzHVLfKxfeDr/OSaE=
25,12,ctWEmwA0Odo5JOKlWQbOuY/t9Gw=,S6xU4I2FoiPzHVLfKxfeDr/OSaE=
16,6,ctWEmwA0Odo5JOKlWQbOuY/t9Gw=,u14lfShHH4DQRoChgEZYsozoJXw=
24,12,ctWEmwA0Odo5JOKlWQbOuY/t9Gw=,S6xU4I2FoiPzHVLfKxfeDr/OSaE=
17,7,ctWEmwA0Odo5JOKlWQbOuY/t9Gw=,u14lfShHH4DQRoChgEZYsozoJXw=
22,14,ctWEmwA0Odo5JOKlWQbOuY/t9Gw=,6MNAeHxqhMiqxnbtbNIgPoQ6I04=
21,14,ctWEmwA0Odo5JOKlWQbOuY/t9Gw=,6MNAeHxqhMiqxnbtbNIgPoQ6I04=
18,7,ctWEmwA0Odo5JOKlWQbOuY/t9Gw=,u14lfShHH4DQRoChgEZYsozoJXw=
16,15,ctWEmwA0Odo5JOKlWQbOuY/t9Gw=,6MNAeHxqhMiqxnbtbNIgPoQ6I04=
20,12,ctWEmwA0Odo5JOKlWQbOuY/t9Gw=,6MNAeHxqhMiqxnbtbNIgPoQ6I04=
16,14,ctWEmwA0Odo5JOKlWQbOuY/t9Gw=,6MNAeHxqhMiqxnbtbNIgPoQ6I04=
16,13,ctWEmwA0Odo5JOKlWQbOuY/t9Gw=,6MNAeHxqhMiqxnbtbNIgPoQ6I04=
20,14,ctWEmwA0Odo5JOKlWQbOuY/t9Gw=,6MNAeHxqhMiqxnbtbNIgPoQ6I04=
16,12,ctWEmwA0Odo5JOKlWQbOuY/t9Gw=,6MNAeHxqhMiqxnbtbNIgPoQ6I04=
21,12,ctWEmwA0Odo5JOKlWQbOuY/t9Gw=,6MNAeHxqhMiqxnbtbNIgPoQ6I04=
22,13,ctWEmwA0Odo5JOKlWQbOuY/t9Gw=,6MNAeHxqhMiqxnbtbNIgPoQ6I04=
16,11,ctWEmwA0Odo5JOKlWQbOuY/t9Gw=,6MNAeHxqhMiqxnbtbNIgPoQ6I04=
19,7,ctWEmwA0Odo5JOKlWQbOuY/t9Gw=,u14lfShHH4DQRoChgEZYsozoJXw=
22,12,ctWEmwA0Odo5JOKlWQbOuY/t9Gw=,6MNAeHxqhMiqxnbtbNIgPoQ6I04=
21,13,ctWEmwA0Odo5JOKlWQbOuY/t9Gw=,6MNAeHxqhMiqxnbtbNIgPoQ6I04=
23,0,ctWEmwA0Odo5JOKlWQbOuY/t9Gw=,u14lfShHH4DQRoChgEZYsozoJXw=
24,0,ctWEmwA0Odo5JOKlWQbOuY/t9Gw=,QQOuDJzMGKrdcNBmpimKJ2qJVkY=
20,0,ctWEmwA0Odo5JOKlWQbOuY/t9Gw=,u14lfShHH4DQRoChgEZYsozoJXw=
20,13,ctWEmwA0Odo5JOKlWQbOuY/t9Gw=,6MNAeHxqhMiqxnbtbNIgPoQ6I04=
16,7,ctWEmwA0Odo5JOKlWQbOuY/t9Gw=,u14lfShHH4DQRoChgEZYsozoJXw=
19,6,ctWEmwA0Odo5JOKlWQbOuY/t9Gw=,u14lfShHH4DQRoChgEZYsozoJXw=
17,9,ctWEmwA0Odo5JOKlWQbOuY/t9Gw=,6MNAeHxqhMiqxnbtbNIgPoQ6I04=
18,0,ctWEmwA0Odo5JOKlWQbOuY/t9Gw=,u14lfShHH4DQRoChgEZYsozoJXw=
18,9,ctWEmwA0Odo5JOKlWQbOuY/t9Gw=,6MNAeHxqhMiqxnbtbNIgPoQ6I04=
19,9,ctWEmwA0Odo5JOKlWQbOuY/t9Gw=,6MNAeHxqhMiqxnbtbNIgPoQ6I04=
16,0,ctWEmwA0Odo5JOKlWQbOuY/t9Gw=,u14lfShHH4DQRoChgEZYsozoJXw=
18,6,ctWEmwA0Odo5JOKlWQbOuY/t9Gw=,u14lfShHH4DQRoChgEZYsozoJXw=
22,0,ctWEmwA0Odo5JOKlWQbOuY/t9Gw=,u14lfShHH4DQRoChgEZYsozoJXw=
17,8,ctWEmwA0Odo5JOKlWQbOuY/t9Gw=,6MNAeHxqhMiqxnbtbNIgPoQ6I04=
16,3,ctWEmwA0Odo5JOKlWQbOuY/t9Gw=,u14lfShHH4DQRoChgEZYsozoJXw=
16,10,ctWEmwA0Odo5JOKlWQbOuY/t9Gw=,6MNAeHxqhMiqxnbtbNIgPoQ6I04=
19,8,ctWEmwA0Odo5JOKlWQbOuY/t9Gw=,6MNAeHxqhMiqxnbtbNIgPoQ6I04=
16,8,ctWEmwA0Odo5JOKlWQbOuY/t9Gw=,6MNAeHxqhMiqxnbtbNIgPoQ6I04=
17,6,ctWEmwA0Odo5JOKlWQbOuY/t9Gw=,u14lfShHH4DQRoChgEZYsozoJXw=
17,10,ctWEmwA0Odo5JOKlWQbOuY/t9Gw=,6MNAeHxqhMiqxnbtbNIgPoQ6I04=
16,1,ctWEmwA0Odo5JOKlWQbOuY/t9Gw=,u14lfShHH4DQRoChgEZYsozoJXw=
16,9,ctWEmwA0Odo5JOKlWQbOuY/t9Gw=,6MNAeHxqhMiqxnbtbNIgPoQ6I04=
18,10,ctWEmwA0Odo5JOKlWQbOuY/t9Gw=,6MNAeHxqhMiqxnbtbNIgPoQ6I04=
19,15,ctWEmwA0Odo5JOKlWQbOuY/t9Gw=,6MNAeHxqhMiqxnbtbNIgPoQ6I04=
16,2,ctWEmwA0Odo5JOKlWQbOuY/t9Gw=,u14lfShHH4DQRoChgEZYsozoJXw=
19,10,ctWEmwA0Odo5JOKlWQbOuY/t9Gw=,6MNAeHxqhMiqxnbtbNIgPoQ6I04=
18,15,ctWEmwA0Odo5JOKlWQbOuY/t9Gw=,6MNAeHxqhMiqxnbtbNIgPoQ6I04=
18,8,ctWEmwA0Odo5JOKlWQbOuY/t9Gw=,6MNAeHxqhMiqxnbtbNIgPoQ6I04=
17,5,ctWEmwA0Odo5JOKlWQbOuY/t9Gw=,u14lfShHH4DQRoChgEZYsozoJXw=
17,11,ctWEmwA0Odo5JOKlWQbOuY/t9Gw=,6MNAeHxqhMiqxnbtbNIgPoQ6I04=
17,15,ctWEmwA0Odo5JOKlWQbOuY/t9Gw=,6MNAeHxqhMiqxnbtbNIgPoQ6I04=
19,4,ctWEmwA0Odo5JOKlWQbOuY/t9Gw=,u14lfShHH4DQRoChgEZYsozoJXw=
19,14,ctWEmwA0Odo5JOKlWQbOuY/t9Gw=,6MNAeHxqhMiqxnbtbNIgPoQ6I04=
27,0,ctWEmwA0Odo5JOKlWQbOuY/t9Gw=,QQOuDJzMGKrdcNBmpimKJ2qJVkY=
18,14,ctWEmwA0Odo5JOKlWQbOuY/t9Gw=,6MNAeHxqhMiqxnbtbNIgPoQ6I04=
19,5,ctWEmwA0Odo5JOKlWQbOuY/t9Gw=,u14lfShHH4DQRoChgEZYsozoJXw=
17,14,ctWEmwA0Odo5JOKlWQbOuY/t9Gw=,6MNAeHxqhMiqxnbtbNIgPoQ6I04=
19,13,ctWEmwA0Odo5JOKlWQbOuY/t9Gw=,6MNAeHxqhMiqxnbtbNIgPoQ6I04=
26,0,ctWEmwA0Odo5JOKlWQbOuY/t9Gw=,QQOuDJzMGKrdcNBmpimKJ2qJVkY=
18,5,ctWEmwA0Odo5JOKlWQbOuY/t9Gw=,u14lfShHH4DQRoChgEZYsozoJXw=
18,13,ctWEmwA0Odo5JOKlWQbOuY/t9Gw=,6MNAeHxqhMiqxnbtbNIgPoQ6I04=
25,0,ctWEmwA0Odo5JOKlWQbOuY/t9Gw=,QQOuDJzMGKrdcNBmpimKJ2qJVkY=
17,13,ctWEmwA0Odo5JOKlWQbOuY/t9Gw=,6MNAeHxqhMiqxnbtbNIgPoQ6I04=
19,12,ctWEmwA0Odo5JOKlWQbOuY/t9Gw=,6MNAeHxqhMiqxnbtbNIgPoQ6I04=
18,4,ctWEmwA0Odo5JOKlWQbOuY/t9Gw=,u14lfShHH4DQRoChgEZYsozoJXw=
18,12,ctWEmwA0Odo5JOKlWQbOuY/t9Gw=,6MNAeHxqhMiqxnbtbNIgPoQ6I04=
17,2,ctWEmwA0Odo5JOKlWQbOuY/t9Gw=,u14lfShHH4DQRoChgEZYsozoJXw=
23,1,ctWEmwA0Odo5JOKlWQbOuY/t9Gw=,u14lfShHH4DQRoChgEZYsozoJXw=
17,12,ctWEmwA0Odo5JOKlWQbOuY/t9Gw=,6MNAeHxqhMiqxnbtbNIgPoQ6I04=
17,4,ctWEmwA0Odo5JOKlWQbOuY/t9Gw=,u14lfShHH4DQRoChgEZYsozoJXw=
19,11,ctWEmwA0Odo5JOKlWQbOuY/t9Gw=,6MNAeHxqhMiqxnbtbNIgPoQ6I04=
18,11,ctWEmwA0Odo5JOKlWQbOuY/t9Gw=,6MNAeHxqhMiqxnbtbNIgPoQ6I04=
22,1,ctWEmwA0Odo5JOKlWQbOuY/t9Gw=,u14lfShHH4DQRoChgEZYsozoJXw=
21,0,ctWEmwA0Odo5JOKlWQbOuY/t9Gw=,u14lfShHH4DQRoChgEZYsozoJXw=
17,0,ctWEmwA0Odo5JOKlWQbOuY/t9Gw=,u14lfShHH4DQRoChgEZYsozoJXw=
21,1,ctWEmwA0Odo5JOKlWQbOuY/t9Gw=,u14lfShHH4DQRoChgEZYsozoJXw=
19,0,ctWEmwA0Odo5JOKlWQbOuY/t9Gw=,u14lfShHH4DQRoChgEZYsozoJXw=
20,1,ctWEmwA0Odo5JOKlWQbOuY/t9Gw=,u14lfShHH4DQRoChgEZYsozoJXw=
25,1,ctWEmwA0Odo5JOKlWQbOuY/t9Gw=,QQOuDJzMGKrdcNBmpimKJ2qJVkY=
26,1,ctWEmwA0Odo5JOKlWQbOuY/t9Gw=,QQOuDJzMGKrdcNBmpimKJ2qJVkY=
19,3,ctWEmwA0Odo5JOKlWQbOuY/t9Gw=,u14lfShHH4DQRoChgEZYsozoJXw=
27,1,ctWEmwA0Odo5JOKlWQbOuY/t9Gw=,QQOuDJzMGKrdcNBmpimKJ2qJVkY=
27,3,ctWEmwA0Odo5JOKlWQbOuY/t9Gw=,QQOuDJzMGKrdcNBmpimKJ2qJVkY=
19,1,ctWEmwA0Odo5JOKlWQbOuY/t9Gw=,u14lfShHH4DQRoChgEZYsozoJXw=
25,3,ctWEmwA0Odo5JOKlWQbOuY/t9Gw=,QQOuDJzMGKrdcNBmpimKJ2qJVkY=
26,3,ctWEmwA0Odo5JOKlWQbOuY/t9Gw=,QQOuDJzMGKrdcNBmpimKJ2qJVkY=
24,3,ctWEmwA0Odo5JOKlWQbOuY/t9Gw=,QQOuDJzMGKrdcNBmpimKJ2qJVkY=
26,2,ctWEmwA0Odo5JOKlWQbOuY/t9Gw=,QQOuDJzMGKrdcNBmpimKJ2qJVkY=
27,2,ctWEmwA0Odo5JOKlWQbOuY/t9Gw=,QQOuDJzMGKrdcNBmpimKJ2qJVkY=
18,1,ctWEmwA0Odo5JOKlWQbOuY/t9Gw=,u14lfShHH4DQRoChgEZYsozoJXw=
25,2,ctWEmwA0Odo5JOKlWQbOuY/t9Gw=,QQOuDJzMGKrdcNBmpimKJ2qJVkY=
18,2,ctWEmwA0Odo5JOKlWQbOuY/t9Gw=,u14lfShHH4DQRoChgEZYsozoJXw=
18,3,ctWEmwA0Odo5JOKlWQbOuY/t9Gw=,u14lfShHH4DQRoChgEZYsozoJXw=
20,2,ctWEmwA0Odo5JOKlWQbOuY/t9Gw=,u14lfShHH4DQRoChgEZYsozoJXw=
19,2,ctWEmwA0Odo5JOKlWQbOuY/t9Gw=,u14lfShHH4DQRoChgEZYsozoJXw=
21,2,ctWEmwA0Odo5JOKlWQbOuY/t9Gw=,u14lfShHH4DQRoChgEZYsozoJXw=
24,2,ctWEmwA0Odo5JOKlWQbOuY/t9Gw=,QQOuDJzMGKrdcNBmpimKJ2qJVkY=
23,2,ctWEmwA0Odo5JOKlWQbOuY/t9Gw=,u14lfShHH4DQRoChgEZYsozoJXw=
22,2,ctWEmwA0Odo5JOKlWQbOuY/t9Gw=,u14lfShHH4DQRoChgEZYsozoJXw=
17,1,ctWEmwA0Odo5JOKlWQbOuY/t9Gw=,u14lfShHH4DQRoChgEZYsozoJXw=
20,3,ctWEmwA0Odo5JOKlWQbOuY/t9Gw=,u14lfShHH4DQRoChgEZYsozoJXw=
21,3,ctWEmwA0Odo5JOKlWQbOuY/t9Gw=,u14lfShHH4DQRoChgEZYsozoJXw=
24,1,ctWEmwA0Odo5JOKlWQbOuY/t9Gw=,QQOuDJzMGKrdcNBmpimKJ2qJVkY=
17,3,ctWEmwA0Odo5JOKlWQbOuY/t9Gw=,u14lfShHH4DQRoChgEZYsozoJXw=
22,3,ctWEmwA0Odo5JOKlWQbOuY/t9Gw=,u14lfShHH4DQRoChgEZYsozoJXw=
23,3,ctWEmwA0Odo5JOKlWQbOuY/t9Gw=,u14lfShHH4DQRoChgEZYsozoJXw=
